0.134 0.28 9.746 0
0.053 0.28 9.763 20
0.098 0.261 9.765 20
0.127 0.28 9.761 20
0.096 0.29 9.758 20
0.096 0.228 9.753 20
0.048 0.233 9.753 20
0.031 0.297 9.749 21
0.139 0.254 9.758 20
0.153 0.199 9.77 20
0.074 0.218 9.765 20
0.076 0.223 9.77 20
0.105 0.259 9.77 20
0.112 0.276 9.768 20
0.11 0.233 9.761 21
0.108 0.249 9.744 20
0.084 0.302 9.758 20
0.141 0.283 9.753 20
0.155 0.266 9.761 20
0.1 0.309 9.756 20
0.105 0.309 9.753 20
0.11 0.345 9.751 21
0.127 0.324 9.765 20
0.158 0.283 9.761 20
0.127 0.297 9.765 20
0.086 0.343 9.773 20
0.139 0.328 9.758 20
0.155 0.307 9.775 21
0.127 0.285 9.761 20
0.127 0.278 9.773 20
0.124 0.307 9.77 20
0.136 0.292 9.765 20
0.139 0.257 9.768 20
0.105 0.247 9.773 20
0.086 0.264 9.761 21
0.108 0.261 9.763 20
0.132 0.242 9.773 20
0.12 0.237 9.782 20
0.096 0.213 9.78 20
0.091 0.259 9.761 20
0.105 0.264 9.761 20
0.124 0.23 9.753 21
0.1 0.24 9.768 20
0.067 0.273 9.773 20
0.088 0.276 9.763 20
0.115 0.266 9.77 20
0.117 0.285 9.792 20
0.096 0.283 9.777 21
0.079 0.309 9.761 20
0.086 0.314 9.77 20
0.124 0.3 9.753 20
0.096 0.312 9.77 20
0.093 0.321 9.765 20
0.096 0.309 9.78 20
0.11 0.314 9.765 21
0.124 0.297 9.765 20
0.1 0.304 9.773 20
0.108 0.288 9.753 20
0.108 0.295 9.765 20
0.136 0.271 9.782 20
0.139 0.261 9.763 20
0.12 0.264 9.758 21
0.12 0.264 9.753 20
0.132 0.261 9.756 20
0.146 0.257 9.765 20
0.146 0.24 9.77 20
0.112 0.259 9.746 20
0.117 0.259 9.761 21
0.127 0.247 9.746 20
0.136 0.252 9.775 20
0.127 0.252 9.768 20
0.112 0.257 9.749 20
0.124 0.273 9.763 20
0.129 0.259 9.768 20
0.136 0.278 9.777 21
0.122 0.3 9.761 20
0.108 0.29 9.782 20
0.129 0.285 9.773 20
0.12 0.295 9.775 20
0.108 0.297 9.768 20
0.108 0.314 9.763 20
0.108 0.295 9.768 21
0.112 0.3 9.777 20
0.103 0.297 9.758 20
0.084 0.29 9.763 20
0.093 0.295 9.77 20
0.093 0.29 9.765 20
0.084 0.276 9.768 21
0.096 0.276 9.78 20
0.088 0.271 9.756 20
0.084 0.276 9.756 20
0.098 0.261 9.77 20
0.103 0.254 9.77 20
0.096 0.257 9.77 20
0.105 0.254 9.751 21
0.11 0.257 9.753 20
0.108 0.264 9.78 20
0.105 0.271 9.77 20
0.105 0.264 9.77 20
0.1 0.268 9.756 20
0.124 0.268 9.763 20
0.124 0.28 9.758 21
0.105 0.295 9.765 20
0.129 0.283 9.761 20
0.129 0.285 9.765 20
0.122 0.307 9.773 20
0.124 0.307 9.768 20
0.129 0.316 9.765 20
0.117 0.321 9.763 21
0.124 0.3 9.775 20
0.146 0.297 9.763 20
0.141 0.307 9.763 20
0.12 0.292 9.761 20
0.127 0.285 9.761 20
0.132 0.278 9.753 21
0.12 0.276 9.753 20
0.127 0.273 9.756 20
0.117 0.254 9.758 20
0.117 0.257 9.763 20
0.108 0.273 9.746 20
0.112 0.268 9.758 20
0.112 0.276 9.77 21
0.112 0.266 9.763 20
0.115 0.252 9.768 20
0.108 0.242 9.777 20
0.1 0.271 9.751 20
0.086 0.29 9.758 20
0.141 0.34 9.689 20
0.34 0.302 9.706 21
0.828 0.642 9.983 20
2.569 -1.11 9.418 20
1.19 -1.447 9.308 20
-1.869 1.966 9.679 20
-2.396 0.608 9.576 20
-1.412 -1.387 9.545 21
-1.179 1.073 8.875 20
-1.567 1.339 9.248 20
-3.823 -0.535 9.411 20
-5.717 0.678 10.362 20
-4.998 1.688 10.28 20
-3.65 0.316 10.304 20
-4.002 0.47 10.158 21
-5.772 1.509 10.618 20
-6.418 1.114 10.307 20
-4.46 -0.147 11.032 20
-3.851 0.704 9.346 20
-2.288 0.778 9.698 20
-2.199 0.058 9.394 20
-5.24 -0.161 10.242 21
-1.244 0.532 8.307 20
1.602 0.843 8.116 20
3.208 -0.805 8.954 20
4.52 0.68 9.21 20
1.235 1.506 8.829 20
1.678 -0.935 8.717 20
6.122 -0.973 9.775 21
7.894 1.142 10.742 20
6.028 -0.111 10.208 20
4.381 -1.464 9.725 20
5.997 0.12 10.014 20
7.886 0.314 11.262 20
8.099 -1.162 11.312 21
6.344 0.048 10.596 20
5.423 0.649 10.125 20
5.763 -0.298 10.421 20
6.572 0.087 10.946 20
6.991 0.671 10.74 20
4.946 0.324 9.801 20
3.285 -0.018 9.354 21
3.991 0.647 9.605 20
4.288 0.98 9.725 20
2.552 0.455 9.136 20
0.577 0.534 8.786 20
0.069 0.948 8.956 20
0.115 0.86 9.054 20
-0.464 0.604 8.937 21
-1.62 0.671 8.987 20
-3.102 0.783 9.227 20
-3.863 0.855 9.521 20
-3.382 0.745 9.524 20
-3.183 0.62 9.466 20
-4.172 0.527 9.595 21
-4.905 0.431 9.919 20
-5.235 0.491 10.235 20
-5.446 0.64 10.263 20
-5.106 0.376 10.165 20
-5.422 -0.03 10.084 20
-5.989 -0.061 10.01 20
-4.811 -0.09 10.814 21
-6.126 -0.176 9.667 20
-5.369 -0.394 10.23 20
-4.704 -0.671 10.251 20
-3.916 -0.456 9.821 20
-2.616 -0.26 9.533 20
-1.644 -0.422 9.375 20
-1.694 -0.245 9.504 21
-2.171 0.082 9.485 20
-1.402 0.06 9.263 20
0.132 0.072 9.155 20
0.697 0.357 9.124 20
0.421 0.585 9.289 20
0.309 0.721 9.239 21
1.207 0.711 9.232 20
2.882 0.618 9.394 20
3.898 0.503 9.698 20
3.696 0.575 9.698 20
3.495 0.64 9.629 20
4.259 0.462 9.83 20
5.004 0.362 10.359 21
4.206 0.336 10.541 20
6.78 0.268 9.404 20
5.25 0.831 11.063 20
5.36 0.245 10.146 20
5.071 0.245 10.443 20
4.276 0.393 10.208 20
3.519 0.537 9.95 21
3.761 0.094 9.935 20
4.005 0.046 10.029 20
3.553 0.127 9.837 20
2.552 -0.097 9.533 20
1.738 -0.133 9.447 20
1.745 -0.051 9.421 21
1.661 0.0 9.397 20
0.926 -0.176 9.301 20
-0.162 -0.078 9.258 20
-0.99 0.132 9.323 20
-1.426 0.257 9.375 20
-1.548 0.321 9.399 20
-1.833 0.242 9.416 21
-2.69 0.252 9.574 20
-3.725 0.388 9.753 20
-3.782 0.424 9.813 20
-3.636 0.486 9.847 20
-3.825 0.541 9.873 20
-4.191 0.515 9.974 20
-4.768 0.513 10.127 21
-4.811 0.546 10.17 20
-4.23 0.479 10.06 20
-3.993 0.434 9.969 20
-4.134 0.35 9.99 20
-4.091 0.245 10.002 20
-3.681 0.168 9.878 21
-3.009 0.142 9.725 20
-2.374 0.075 9.588 20
-2.116 0.151 9.528 20
-1.989 0.225 9.533 20
-1.421 0.194 9.457 20
-0.519 0.13 9.368 20
0.12 0.23 9.37 21
0.445 0.362 9.406 20
0.692 0.374 9.399 20
1.142 0.383 9.421 20
2.006 0.324 9.54 20
2.885 0.268 9.648 20
3.165 0.304 9.763 20
3.117 0.283 9.813 21
3.323 0.254 9.859 20
3.917 0.247 10.019 20
4.448 0.285 10.204 20
4.494 0.307 10.208 20
4.202 0.362 10.129 20
4.02 0.379 10.096 21
3.929 0.51 10.149 20
3.864 0.594 10.184 20
3.641 0.539 9.981 20
3.076 0.577 9.888 20
2.724 0.47 9.806 20
2.542 0.4 9.813 20
2.179 0.46 9.694 21
1.597 0.438 9.591 20
0.996 0.348 9.528 20
0.567 0.304 9.485 20
0.237 0.309 9.476 20
-0.217 0.314 9.488 20
-0.825 0.257 9.483 20
-1.421 0.209 9.524 21
-1.658 0.216 9.564 20
-1.783 0.355 9.651 20
-2.039 0.233 9.641 20
-2.499 0.158 9.696 20
-2.851 0.206 9.801 20
-2.968 0.228 9.861 20
-2.944 0.206 9.883 21
-2.901 0.213 9.871 20
-3.097 0.206 9.864 20
-3.253 0.18 9.923 20
-3.203 0.29 9.947 20
-3.021 0.362 9.909 20
-2.798 0.268 9.864 21
-2.693 0.264 9.816 20
-2.554 0.257 9.816 20
-2.077 0.271 9.727 20
-1.749 0.52 9.682 20
-1.354 0.307 9.641 20
-1.029 0.333 9.622 20
-0.837 0.573 9.662 21
-0.533 0.563 9.581 20
0.007 0.577 9.564 20
0.397 0.62 9.564 20
0.61 0.63 9.593 20
0.823 0.458 9.636 20
1.065 0.587 9.61 20
1.487 0.592 9.67 21
1.985 0.436 9.751 20
2.246 0.441 9.78 20
2.282 0.388 9.821 20
2.461 0.211 9.84 20
2.712 0.199 9.883 20
2.995 0.235 9.952 21
3.165 0.084 9.983 20
3.057 -0.044 9.981 20
2.823 0.036 9.938 20
2.71 0.103 9.94 20
2.65 0.091 9.923 20
2.502 0.113 9.88 20
2.231 0.099 9.811 21
1.927 0.079 9.775 20
1.7 0.065 9.744 20
1.501 0.134 9.753 20
1.221 0.245 9.677 20
0.919 0.158 9.662 20
0.519 0.28 9.641 20
0.139 0.374 9.605 21
-0.251 0.359 9.588 20
-0.588 0.403 9.61 20
-0.72 0.427 9.636 20
-1.036 0.436 9.648 20
-1.393 0.556 9.694 20
-1.56 0.611 9.713 21
-1.795 0.513 9.763 20
-1.998 0.383 9.756 20
-2.053 0.415 9.785 20
-2.24 0.513 9.821 20
-2.403 0.551 9.852 20
-2.386 0.474 9.835 20
-2.302 0.379 9.809 21
-2.41 0.364 9.844 20
-2.389 0.446 9.856 20
-2.264 0.448 9.821 20
-2.132 0.367 9.787 20
-1.847 0.259 9.742 20
-1.622 0.216 9.734 21
-1.51 0.266 9.71 20
-1.285 0.247 9.674 20
-0.919 0.23 9.691 20
-0.598 0.264 9.641 20
-0.327 0.304 9.634 20
-0.073 0.343 9.643 20
0.232 0.379 9.648 21
0.601 0.381 9.648 20
0.989 0.35 9.686 20
1.281 0.381 9.703 20
1.487 0.417 9.732 20
1.738 0.388 9.777 20
2.004 0.386 9.809 20
2.198 0.369 9.83 21
2.337 0.276 9.852 20
2.435 0.29 9.885 20
2.504 0.288 9.897 20
2.55 0.216 9.892 20
2.533 0.211 9.916 20
2.387 0.276 9.88 20
2.191 0.247 9.861 21
1.999 0.28 9.837 20
1.853 0.304 9.801 20
1.649 0.276 9.777 20
1.362 0.259 9.739 20
1.084 0.259 9.71 20
0.843 0.228 9.686 21
0.586 0.252 9.691 20
0.249 0.28 9.67 20
-0.136 0.254 9.674 20
-0.432 0.257 9.665 20
-0.643 0.278 9.682 20
-0.799 0.276 9.677 20
-1.026 0.352 9.684 21
-1.282 0.386 9.722 20
-1.45 0.381 9.739 20
-1.575 0.345 9.737 20
-1.677 0.343 9.792 20
-1.713 0.328 9.797 20
-1.735 0.355 9.775 20
-1.768 0.417 9.792 21
-1.797 0.381 9.78 20
-1.783 0.343 9.794 20
-1.67 0.391 9.787 20
-1.606 0.441 9.787 20
-1.553 0.45 9.768 20
-1.388 0.424 9.742 21
-1.16 0.412 9.737 20
-0.966 0.403 9.73 20
-0.751 0.422 9.742 20
-0.607 0.412 9.691 20
-0.416 0.436 9.694 20
-0.203 0.422 9.71 20
0.024 0.391 9.725 21
0.261 0.4 9.696 20
0.469 0.41 9.722 20
0.67 0.381 9.727 20
0.816 0.336 9.701 20
1.039 0.309 9.758 20
1.202 0.309 9.777 20
1.336 0.345 9.78 21
1.451 0.276 9.809 20
1.525 0.245 9.782 20
1.628 0.216 9.825 20
1.733 0.137 9.842 20
1.728 0.194 9.837 20
1.69 0.223 9.84 21
1.666 0.166 9.825 20
1.57 0.178 9.83 20
1.499 0.225 9.813 20
1.377 0.185 9.792 20
1.185 0.201 9.77 20
1.015 0.259 9.775 20
0.912 0.199 9.758 21
0.721 0.295 9.751 20
0.527 0.336 9.725 20
0.345 0.34 9.734 20
0.108 0.364 9.744 20
-0.054 0.343 9.732 20
-0.205 0.326 9.744 20
-0.421 0.3 9.682 21
-0.6 0.4 9.725 20
-0.684 0.367 9.73 20
-0.844 0.386 9.739 20
-0.976 0.448 9.744 20
-1.029 0.436 9.768 20
-1.148 0.371 9.782 20
-1.227 0.391 9.763 21
-1.309 0.398 9.78 20
-1.261 0.352 9.78 20
-1.316 0.34 9.775 20
-1.225 0.367 9.785 20
-1.225 0.328 9.789 20
-1.208 0.307 9.78 21
-1.077 0.352 9.756 20
-0.935 0.333 9.765 20
-0.806 0.283 9.761 20
-0.698 0.304 9.739 20
-0.593 0.333 9.715 20
-0.416 0.319 9.725 20
-0.246 0.309 9.746 21
-0.102 0.374 9.725 20
0.031 0.336 9.72 20
0.225 0.345 9.715 20
0.433 0.381 9.734 20
0.653 0.35 9.737 20
0.78 0.338 9.782 20
0.917 0.367 9.777 21
1.056 0.336 9.787 20
1.18 0.34 9.797 20
1.307 0.34 9.794 20
1.379 0.316 9.813 20
1.365 0.328 9.801 20
1.405 0.309 9.816 21
1.453 0.285 9.84 20
1.408 0.276 9.832 20
1.309 0.307 9.811 20
1.202 0.307 9.799 20
1.108 0.292 9.78 20
0.989 0.268 9.756 20
0.857 0.266 9.763 21
0.697 0.266 9.763 20
0.531 0.283 9.737 20
0.385 0.292 9.742 20
0.208 0.271 9.737 20
0.002 0.266 9.722 20
-0.184 0.28 9.718 21
-0.315 0.304 9.718 20
-0.459 0.309 9.749 20
-0.595 0.307 9.751 20
-0.698 0.29 9.749 20
-0.792 0.326 9.742 20
-0.911 0.359 9.765 20
-0.988 0.376 9.761 21
-1.031 0.381 9.765 20
-1.074 0.391 9.761 20
-1.05 0.383 9.782 20
-1.017 0.391 9.765 20
-1.005 0.398 9.77 20
-0.952 0.383 9.785 20
-0.883 0.386 9.751 21
-0.801 0.381 9.761 20
-0.705 0.376 9.739 20
-0.607 0.379 9.734 20
-0.509 0.35 9.751 20
-0.382 0.34 9.751 20
-0.224 0.336 9.732 20
-0.1 0.34 9.727 21
0.031 0.336 9.73 20
0.172 0.326 9.751 20
0.328 0.324 9.737 20
0.452 0.333 9.744 20
0.572 0.314 9.768 20
0.677 0.302 9.775 21
0.807 0.309 9.78 20
0.888 0.302 9.785 20
0.931 0.295 9.794 20
0.984 0.28 9.78 20
1.01 0.285 9.773 20
1.053 0.295 9.792 20
1.053 0.304 9.777 21
1.015 0.316 9.797 20
0.958 0.328 9.789 20
0.914 0.326 9.782 20
0.859 0.331 9.785 20
0.766 0.319 9.777 20
0.656 0.307 9.768 20
0.56 0.333 9.77 21
0.472 0.324 9.761 20
0.349 0.314 9.763 20
0.22 0.309 9.751 20
0.093 0.309 9.737 20
-0.021 0.326 9.749 20
-0.138 0.319 9.751 21
-0.239 0.295 9.727 20
-0.346 0.316 9.753 20
-0.43 0.309 9.732 20
-0.509 0.292 9.749 20
-0.588 0.307 9.756 20
-0.634 0.326 9.737 20
-0.67 0.331 9.753 21
-0.713 0.331 9.77 20
-0.732 0.345 9.768 20
-0.708 0.324 9.756 20
-0.727 0.343 9.775 20
-0.741 0.35 9.746 20
-0.672 0.352 9.763 20
-0.634 0.359 9.773 21
-0.567 0.348 9.749 20
-0.495 0.343 9.761 20
-0.432 0.369 9.768 20
-0.346 0.371 9.758 20
-0.246 0.345 9.756 20
-0.172 0.369 9.758 20
-0.09 0.359 9.732 21
0.033 0.345 9.732 20
0.146 0.374 9.751 20
0.234 0.348 9.749 20
0.364 0.345 9.746 20
0.443 0.362 9.78 20
0.524 0.324 9.77 21
0.608 0.338 9.756 20
0.663 0.328 9.77 20
0.74 0.326 9.777 20
0.778 0.316 9.77 20
0.811 0.29 9.775 20
0.838 0.276 9.785 20
0.855 0.278 9.787 21
0.833 0.273 9.789 20
0.795 0.273 9.792 20
0.771 0.276 9.78 20
0.718 0.28 9.761 20
0.641 0.285 9.773 20
0.57 0.273 9.761 20
0.464 0.29 9.787 21
0.373 0.295 9.773 20
0.302 0.283 9.746 20
0.194 0.297 9.753 20
0.069 0.319 9.77 20
-0.037 0.319 9.761 20
-0.138 0.319 9.742 21
-0.227 0.324 9.751 20
-0.298 0.331 9.739 20
-0.397 0.343 9.746 20
-0.454 0.357 9.753 20
-0.5 0.369 9.756 20
-0.543 0.371 9.758 20
-0.598 0.355 9.756 21
-0.624 0.364 9.751 20
-0.643 0.362 9.758 20
-0.626 0.355 9.768 20
-0.614 0.348 9.756 20
-0.61 0.348 9.756 20
-0.576 0.336 9.765 20
-0.519 0.343 9.761 21
-0.435 0.328 9.768 20
-0.382 0.316 9.761 20
-0.313 0.331 9.758 20
-0.246 0.333 9.751 20
-0.167 0.321 9.761 20
-0.071 0.307 9.751 21
0.038 0.319 9.744 20
0.136 0.331 9.739 20
0.215 0.314 9.739 20
0.316 0.336 9.746 20
0.4 0.316 9.751 20
0.457 0.316 9.768 20
0.522 0.312 9.768 21
0.579 0.328 9.761 20
0.634 0.333 9.768 20
0.665 0.333 9.751 20
0.687 0.326 9.797 20
0.692 0.316 9.794 20
0.677 0.319 9.773 20
0.675 0.328 9.777 21
0.641 0.336 9.773 20
0.603 0.314 9.794 20
0.558 0.345 9.78 20
0.505 0.321 9.773 20
0.438 0.314 9.775 20
0.373 0.302 9.765 20
0.297 0.3 9.765 21
0.208 0.314 9.756 20
0.132 0.3 9.753 20
0.053 0.297 9.765 20
-0.035 0.314 9.746 20
-0.112 0.309 9.763 20
-0.184 0.309 9.758 21
-0.236 0.283 9.746 20
-0.303 0.295 9.739 20
-0.342 0.319 9.737 20
-0.38 0.316 9.758 20
-0.416 0.324 9.761 20
-0.447 0.326 9.758 20
-0.464 0.326 9.768 21
-0.459 0.328 9.753 20
-0.454 0.333 9.77 20
-0.449 0.345 9.746 20
-0.444 0.336 9.749 20
-0.404 0.338 9.77 20
-0.365 0.336 9.765 21
-0.31 0.35 9.739 20
-0.279 0.352 9.744 20
-0.236 0.355 9.753 20
-0.191 0.352 9.753 20
-0.124 0.34 9.751 20
-0.03 0.362 9.768 20
0.012 0.333 9.768 21
0.074 0.326 9.763 20
0.165 0.345 9.753 20
0.234 0.333 9.758 20
0.302 0.314 9.753 20
0.366 0.338 9.761 20
0.412 0.328 9.782 20
0.46 0.319 9.751 21
0.491 0.312 9.765 20
0.512 0.319 9.765 20
0.531 0.304 9.751 20
0.562 0.295 9.765 20
0.553 0.29 9.777 20
0.541 0.302 9.787 21
0.517 0.295 9.789 20
0.498 0.324 9.768 20
0.472 0.312 9.761 20
0.426 0.285 9.765 20
0.369 0.314 9.775 20
0.323 0.314 9.782 20
0.249 0.309 9.756 21
0.201 0.314 9.758 20
0.136 0.307 9.749 20
0.067 0.328 9.753 20
0.005 0.321 9.77 20
-0.047 0.324 9.756 20
-0.093 0.319 9.768 20
-0.176 0.333 9.792 21
-0.207 0.297 9.708 20
-0.286 0.386 9.765 20
-0.294 0.376 9.78 20
-0.322 0.3 9.761 20
-0.322 0.348 9.751 20
-0.344 0.352 9.751 21
-0.392 0.319 9.77 20
-0.392 0.316 9.78 20
-0.337 0.357 9.77 20
-0.332 0.328 9.746 20
-0.337 0.309 9.77 20
-0.308 0.362 9.758 20
-0.265 0.324 9.746 21
-0.229 0.3 9.746 20
-0.184 0.326 9.749 20
-0.126 0.331 9.744 20
-0.083 0.312 9.751 20
-0.033 0.319 9.753 20
0.048 0.331 9.782 20
0.127 0.326 9.777 21
0.141 0.324 9.763 20
0.194 0.338 9.758 20
0.263 0.333 9.756 20
0.34 0.321 9.77 20
0.373 0.319 9.787 20
0.385 0.326 9.763 21
0.433 0.324 9.753 20
0.464 0.324 9.765 20
0.481 0.321 9.782 20
0.476 0.326 9.785 20
0.467 0.314 9.763 20
0.457 0.302 9.777 20
0.45 0.307 9.749 21
0.412 0.314 9.773 20
0.388 0.307 9.765 20
0.357 0.319 9.768 20
0.29 0.292 9.78 20
0.242 0.3 9.773 20
0.199 0.295 9.773 21
0.141 0.3 9.761 20
0.103 0.288 9.756 20
0.048 0.312 9.758 20
-0.002 0.307 9.751 20
-0.066 0.295 9.758 20
-0.109 0.312 9.775 20
-0.155 0.312 9.751 21
-0.186 0.319 9.763 20
-0.205 0.319 9.758 20
-0.231 0.324 9.763 20
-0.248 0.331 9.768 20
-0.284 0.336 9.756 20
-0.274 0.336 9.761 20
-0.272 0.336 9.753 21
-0.272 0.338 9.763 20
-0.267 0.34 9.751 20
-0.274 0.352 9.746 20
-0.251 0.343 9.761 20
-0.224 0.338 9.739 20
-0.207 0.345 9.763 20
-0.172 0.34 9.761 21
-0.128 0.328 9.758 20
-0.083 0.336 9.749 20
-0.025 0.34 9.765 20
0.002 0.336 9.751 20
0.05 0.336 9.758 20
0.108 0.324 9.773 21
0.136 0.316 9.765 20
0.187 0.309 9.753 20
0.203 0.321 9.761 20
0.254 0.316 9.756 20
0.292 0.304 9.775 20
0.33 0.3 9.777 20
0.345 0.3 9.765 21
0.354 0.288 9.756 20
0.373 0.297 9.77 20
0.385 0.302 9.785 20
0.373 0.302 9.765 20
0.361 0.29 9.765 20
0.335 0.312 9.775 21
0.325 0.304 9.763 20
0.306 0.29 9.773 20
0.266 0.307 9.77 20
0.244 0.324 9.768 20
0.194 0.324 9.763 20
0.167 0.326 9.77 20
0.134 0.316 9.765 21
0.103 0.314 9.768 20
0.057 0.326 9.765 20
-0.011 0.331 9.765 20
-0.04 0.324 9.758 20
-0.052 0.343 9.746 20
-0.09 0.345 9.749 20
-0.133 0.34 9.763 21
-0.169 0.343 9.753 20
-0.184 0.343 9.765 20
-0.203 0.336 9.761 20
-0.203 0.333 9.756 20
-0.215 0.331 9.751 20
-0.212 0.331 9.756 20
-0.212 0.326 9.761 21
-0.21 0.319 9.768 20
-0.207 0.331 9.758 20
-0.198 0.328 9.761 20
-0.174 0.326 9.751 20
-0.152 0.319 9.739 20
-0.112 0.312 9.746 21
-0.095 0.324 9.775 20
-0.052 0.331 9.768 20
-0.004 0.326 9.758 20
0.024 0.328 9.758 20
0.055 0.316 9.756 20
0.091 0.309 9.777 20
0.122 0.331 9.751 21
0.167 0.336 9.761 20
0.187 0.319 9.77 20
0.213 0.321 9.77 20
0.256 0.343 9.765 20
0.261 0.321 9.756 20
0.287 0.316 9.775 20
0.309 0.326 9.789 21
0.306 0.321 9.761 20
0.297 0.321 9.753 20
0.311 0.316 9.77 20
0.302 0.314 9.753 20
0.268 0.309 9.749 20
0.268 0.316 9.775 21
0.251 0.314 9.768 20
0.22 0.297 9.765 20
0.194 0.314 9.765 20
0.165 0.319 9.751 20
0.134 0.295 9.742 20
0.091 0.307 9.761 20
0.062 0.324 9.765 21
0.019 0.316 9.753 20
0.005 0.297 9.758 20
-0.028 0.292 9.775 20
-0.064 0.297 9.765 20
-0.09 0.321 9.753 20
-0.114 0.324 9.758 20
-0.126 0.309 9.773 21
-0.138 0.328 9.777 20
-0.152 0.324 9.744 20
-0.16 0.321 9.775 20
-0.16 0.312 9.765 20
-0.155 0.328 9.746 20
-0.164 0.348 9.775 21
-0.162 0.348 9.761 20
-0.145 0.338 9.765 20
-0.136 0.34 9.78 20
-0.121 0.34 9.753 20
-0.093 0.348 9.763 20
-0.073 0.328 9.756 20
-0.047 0.336 9.763 21
-0.014 0.338 9.773 20
0.005 0.321 9.765 20
0.045 0.321 9.777 20
0.072 0.328 9.753 20
0.091 0.324 9.765 20
0.117 0.307 9.77 20
0.155 0.304 9.785 21
0.179 0.316 9.768 20
0.182 0.309 9.763 20
0.203 0.307 9.765 20
0.227 0.314 9.765 20
0.22 0.312 9.77 20
0.244 0.304 9.773 21
0.246 0.309 9.758 20
0.244 0.312 9.758 20
0.234 0.302 9.789 20
0.223 0.314 9.77 20
0.225 0.319 9.758 20
0.218 0.319 9.758 20
0.187 0.302 9.768 21
0.17 0.307 9.77 20
0.143 0.319 9.773 20
0.117 0.326 9.77 20
0.105 0.343 9.753 20
0.076 0.336 9.785 20
0.057 0.324 9.773 20
0.026 0.326 9.773 21
0.007 0.316 9.758 20
-0.014 0.319 9.768 20
-0.057 0.336 9.768 20
-0.081 0.324 9.782 20
-0.083 0.331 9.775 20
-0.093 0.314 9.77 21
-0.102 0.314 9.746 20
-0.128 0.324 9.761 20
-0.128 0.333 9.744 20
-0.112 0.331 9.756 20
-0.114 0.314 9.763 20
-0.143 0.324 9.758 20
-0.114 0.319 9.758 21
-0.1 0.321 9.77 20
-0.085 0.321 9.785 20
-0.078 0.316 9.761 20
-0.045 0.324 9.749 20
-0.023 0.328 9.785 20
-0.004 0.319 9.768 20
0.019 0.333 9.756 21
0.043 0.319 9.751 20
0.064 0.309 9.765 20
0.088 0.314 9.765 20
0.103 0.333 9.77 20
0.112 0.333 9.763 20
0.141 0.319 9.756 21
0.151 0.326 9.77 20
0.167 0.331 9.763 20
0.17 0.333 9.751 20
0.179 0.309 9.753 20
0.189 0.312 9.775 20
0.196 0.316 9.763 20
0.199 0.328 9.768 21
0.191 0.343 9.77 20
0.182 0.314 9.763 20
0.184 0.309 9.758 20
0.172 0.316 9.782 20
0.153 0.304 9.753 20
0.134 0.304 9.758 20
0.112 0.314 9.782 21
0.1 0.302 9.756 20
0.1 0.324 9.756 20
0.069 0.321 9.773 20
0.053 0.314 9.768 20
0.029 0.314 9.765 20
0.005 0.326 9.768 21
0.0 0.312 9.753 20
-0.016 0.326 9.768 20
-0.028 0.316 9.77 20
-0.042 0.324 9.751 20
-0.064 0.324 9.737 20
-0.064 0.343 9.756 20
-0.076 0.331 9.768 21
-0.083 0.34 9.775 20
-0.083 0.319 9.765 20
-0.088 0.319 9.763 20
-0.088 0.333 9.768 20
-0.078 0.319 9.768 20
-0.059 0.328 9.775 21
-0.059 0.34 9.751 20
-0.03 0.326 9.765 20
-0.025 0.324 9.763 20
-0.002 0.319 9.751 20
-0.002 0.324 9.761 20
0.017 0.328 9.756 20
0.031 0.324 9.768 21
0.055 0.324 9.749 20
0.074 0.314 9.749 20
0.074 0.319 9.775 20
0.093 0.336 9.756 20
0.12 0.309 9.749 20
0.124 0.314 9.756 20
0.139 0.316 9.773 21
0.153 0.331 9.78 20
0.158 0.314 9.739 20
0.16 0.314 9.751 20
0.16 0.328 9.753 20
0.167 0.314 9.763 20
0.151 0.319 9.77 21
0.151 0.338 9.765 20
0.146 0.326 9.765 20
0.129 0.326 9.761 20
0.129 0.324 9.751 20
0.122 0.324 9.77 20
0.105 0.326 9.773 20
0.093 0.324 9.775 21
0.096 0.316 9.768 20
0.067 0.331 9.758 20
0.048 0.331 9.746 20
0.031 0.316 9.765 20
0.026 0.314 9.758 20
0.007 0.314 9.765 20
-0.006 0.307 9.765 21
-0.016 0.319 9.768 20
-0.025 0.321 9.765 20
-0.035 0.314 9.746 20
-0.042 0.316 9.765 20
-0.052 0.307 9.753 20
-0.049 0.321 9.756 21
-0.066 0.314 9.746 20
-0.047 0.314 9.775 20
-0.045 0.326 9.761 20
-0.049 0.316 9.763 20
-0.049 0.314 9.751 20
-0.028 0.328 9.758 20
-0.025 0.328 9.763 21
-0.016 0.324 9.761 20
-0.004 0.328 9.77 20
0.019 0.324 9.761 20
0.041 0.331 9.761 20
0.043 0.324 9.756 20
0.069 0.326 9.751 20
0.069 0.328 9.751 21
0.076 0.321 9.773 20
0.096 0.309 9.761 20
0.12 0.319 9.765 20
0.103 0.324 9.768 20
0.12 0.321 9.751 20
0.12 0.326 9.763 21
0.127 0.326 9.763 20
0.136 0.321 9.768 20
0.127 0.328 9.763 20
0.134 0.314 9.773 20
0.129 0.319 9.756 20
0.11 0.312 9.758 20
0.112 0.321 9.77 21
0.103 0.321 9.77 20
0.093 0.316 9.753 20
0.091 0.319 9.758 20
0.086 0.328 9.758 20
0.076 0.314 9.753 20
0.064 0.321 9.751 21
0.043 0.319 9.763 20
0.048 0.321 9.758 20
0.033 0.321 9.761 20
0.019 0.319 9.775 20
0.014 0.321 9.782 20
0.0 0.328 9.77 20
-0.014 0.324 9.765 21
-0.002 0.328 9.768 20
-0.021 0.324 9.768 20
-0.023 0.328 9.773 20
-0.03 0.321 9.777 20
-0.035 0.345 9.751 20
-0.03 0.321 9.775 21
-0.03 0.328 9.789 20
-0.028 0.321 9.768 20
-0.009 0.321 9.768 20
-0.018 0.326 9.765 20
-0.004 0.314 9.785 20
0.002 0.324 9.761 20
0.012 0.316 9.765 21
0.038 0.333 9.773 20
0.041 0.336 9.775 20
0.062 0.312 9.756 20
0.053 0.309 9.751 20
0.06 0.333 9.751 20
0.076 0.333 9.761 20
0.084 0.314 9.77 21
0.093 0.307 9.756 20
0.093 0.312 9.765 20
0.105 0.331 9.765 20
0.112 0.3 9.768 20
0.115 0.307 9.753 20
0.117 0.328 9.763 21
0.112 0.326 9.775 20
0.122 0.309 9.792 20
0.117 0.319 9.77 20
0.103 0.324 9.758 20
0.105 0.314 9.763 20
0.091 0.309 9.763 20
0.079 0.321 9.758 21
0.064 0.321 9.773 20
0.079 0.316 9.765 20
0.055 0.324 9.773 20
0.062 0.326 9.768 20
0.045 0.302 9.773 20
0.038 0.324 9.751 20
0.043 0.316 9.765 21
0.017 0.319 9.761 20
0.007 0.319 9.749 20
0.017 0.331 9.753 20
0.014 0.328 9.746 20
0.007 0.331 9.744 20
-0.002 0.309 9.761 21
0.002 0.321 9.77 20
0.014 0.333 9.756 20
0.002 0.321 9.756 20
-0.014 0.326 9.77 20
-0.018 0.319 9.773 20
-0.002 0.324 9.773 20
0.002 0.333 9.758 21
0.021 0.321 9.763 20
0.012 0.326 9.758 20
0.017 0.333 9.768 20
0.033 0.321 9.753 20
0.017 0.319 9.773 20
0.036 0.312 9.77 20
0.05 0.328 9.763 21
0.043 0.319 9.765 20
0.048 0.321 9.758 20
0.06 0.338 9.773 20
0.081 0.321 9.775 20
0.086 0.316 9.763 20
0.093 0.316 9.761 21
0.091 0.324 9.761 20
0.103 0.328 9.775 20
0.084 0.309 9.765 20
0.098 0.314 9.768 20
0.098 0.326 9.789 20
0.096 0.324 9.775 20
0.088 0.326 9.756 21
0.084 0.319 9.768 20
0.088 0.326 9.768 20
0.079 0.316 9.761 20
0.079 0.314 9.751 20
0.067 0.304 9.787 20
0.057 0.324 9.775 20
0.062 0.316 9.773 21
0.048 0.316 9.765 20
0.033 0.312 9.756 20
0.031 0.307 9.761 20
0.038 0.314 9.773 20
0.036 0.333 9.761 20
0.021 0.336 9.761 21
0.017 0.331 9.763 20
0.009 0.321 9.77 20
0.0 0.309 9.77 20
0.0 0.316 9.768 20
0.0 0.316 9.761 20
0.005 0.302 9.761 20
0.002 0.324 9.749 21
-0.002 0.326 9.775 20
0.017 0.331 9.768 20
0.009 0.309 9.761 20
-0.004 0.328 9.761 20
0.007 0.316 9.761 20
0.024 0.338 9.765 20
0.029 0.319 9.761 21
0.029 0.331 9.761 20
0.045 0.321 9.763 20
0.05 0.326 9.758 20
0.053 0.336 9.765 20
0.064 0.331 9.77 20
0.064 0.328 9.761 21
0.072 0.304 9.761 20
0.076 0.326 9.765 20
0.081 0.331 9.758 20
0.081 0.314 9.768 20
0.088 0.321 9.758 20
0.084 0.316 9.78 20
0.081 0.321 9.77 21
0.079 0.331 9.763 20
0.079 0.319 9.765 20
0.067 0.326 9.761 20
0.079 0.326 9.756 20
0.081 0.309 9.768 20
0.076 0.319 9.744 20
0.069 0.319 9.749 21
0.062 0.309 9.765 20
0.064 0.307 9.78 20
0.067 0.316 9.775 20
0.069 0.326 9.773 20
0.048 0.331 9.756 20
0.055 0.328 9.765 20
0.057 0.326 9.763 21
0.031 0.34 9.765 20
0.031 0.326 9.761 20
0.038 0.319 9.773 20
0.036 0.319 9.765 20
0.024 0.333 9.765 20
0.021 0.345 9.763 21
0.021 0.324 9.756 20
0.005 0.319 9.749 20
0.019 0.321 9.763 20
0.024 0.321 9.78 20
0.038 0.333 9.765 20
0.057 0.34 9.77 20
0.019 0.321 9.787 21
0.024 0.316 9.749 20
0.021 0.312 9.734 20
-0.009 0.316 9.768 20
0.007 0.314 9.765 20
0.031 0.316 9.758 20
0.043 0.309 9.758 21
0.055 0.283 9.761 20
0.057 0.295 9.787 20
0.038 0.326 9.789 20
0.041 0.324 9.753 20
0.05 0.331 9.768 20
0.06 0.326 9.773 20
0.081 0.314 9.756 21
0.067 0.331 9.768 20
0.076 0.324 9.775 20
0.069 0.333 9.768 20
0.057 0.328 9.749 20
0.069 0.336 9.756 20
0.069 0.326 9.773 20
0.096 0.326 9.746 21
0.084 0.326 9.758 20
0.069 0.314 9.765 20
0.069 0.34 9.758 20
0.079 0.34 9.763 20
0.091 0.324 9.756 20
0.072 0.312 9.751 20
0.05 0.321 9.768 21
0.069 0.321 9.773 20
0.053 0.312 9.775 20
0.029 0.304 9.758 20
0.029 0.331 9.737 20
0.026 0.331 9.765 20
0.014 0.316 9.775 20
0.021 0.333 9.787 21
0.074 0.355 9.722 20
0.062 0.276 9.742 20
0.009 0.309 9.773 20
0.033 0.314 9.773 20
0.036 0.29 9.78 20
-0.042 0.328 9.761 21
-0.006 0.292 9.751 20
0.048 0.295 9.77 20
0.007 0.328 9.77 20
0.038 0.309 9.744 20

# Completed @Mon Jul 31 19:53:45 GMT+08:00 2017
