0.436 0.209 9.782 0
0.421 0.182 9.761 20
0.414 0.158 9.761 20
0.431 0.158 9.777 20
0.438 0.134 9.765 20
0.445 0.132 9.775 20
0.467 0.13 9.777 20
0.464 0.122 9.773 21
0.457 0.118 9.773 20
0.472 0.134 9.78 20
0.472 0.12 9.763 20
0.474 0.149 9.773 20
0.472 0.175 9.777 20
0.495 0.201 9.77 20
0.488 0.221 9.761 21
0.512 0.247 9.765 20
0.507 0.273 9.768 20
0.505 0.283 9.756 20
0.517 0.285 9.773 20
0.527 0.3 9.773 20
0.507 0.3 9.768 20
0.524 0.3 9.77 21
0.519 0.326 9.763 20
0.534 0.312 9.761 20
0.546 0.292 9.782 20
0.529 0.285 9.773 20
0.512 0.285 9.765 20
0.527 0.259 9.773 21
0.522 0.24 9.768 20
0.529 0.216 9.775 20
0.512 0.204 9.763 20
0.495 0.189 9.758 20
0.498 0.163 9.765 20
0.51 0.166 9.768 20
0.505 0.149 9.775 21
0.488 0.137 9.756 20
0.472 0.166 9.756 20
0.472 0.142 9.751 20
0.464 0.132 9.768 20
0.448 0.158 9.77 20
0.428 0.187 9.773 20
0.45 0.182 9.777 21
0.462 0.221 9.765 20
0.424 0.209 9.756 20
0.44 0.197 9.773 20
0.452 0.237 9.763 20
0.428 0.247 9.756 20
0.431 0.257 9.744 20
0.436 0.271 9.77 21
0.431 0.307 9.785 20
0.438 0.285 9.761 20
0.457 0.268 9.773 20
0.452 0.288 9.782 20
0.445 0.297 9.78 20
0.455 0.261 9.777 21
0.462 0.257 9.763 20
0.481 0.249 9.78 20
0.505 0.23 9.787 20
0.488 0.218 9.777 20
0.493 0.213 9.761 20
0.517 0.213 9.763 20
0.512 0.211 9.77 21
0.527 0.175 9.77 20
0.534 0.168 9.775 20
0.5 0.161 9.768 20
0.539 0.161 9.758 20
0.579 0.156 9.758 20
0.601 0.096 9.792 20
0.658 0.225 9.837 21
0.744 0.237 9.911 20
0.907 -0.003 9.921 20
0.883 0.008 9.955 20
0.524 0.295 9.758 20
0.153 0.489 9.665 20
0.06 0.094 9.466 20
-0.638 0.434 9.457 21
-1.445 0.553 10.206 20
-1.074 -0.336 9.789 20
-0.009 -0.317 9.344 20
-0.353 0.268 9.131 20
-1.22 0.513 9.775 20
-3.181 -0.073 9.174 21
-3.399 -0.013 10.354 20
-3.648 0.944 8.786 20
-3.638 1.19 9.801 20
-4.093 0.005 10.814 20
-4.586 -0.08 8.796 20
-3.962 0.934 11.578 20
-5.128 -0.664 10.781 21
-3.866 -1.373 13.543 20
-5.214 0.022 15.535 20
-9.607 0.659 5.509 20
-0.552 -0.331 3.27 20
8.827 0.003 5.023 20
3.665 1.48 11.149 20
-1.692 0.35 11.559 21
-4.785 -1.11 9.495 20
1.19 0.027 9.059 20
10.355 1.037 9.248 20
7.807 -0.688 10.836 20
3.653 -1.023 9.639 20
1.247 0.039 8.532 20
4.783 0.02 9.423 21
10.017 0.142 11.513 20
9.253 1.037 11.812 20
5.487 0.601 10.127 20
3.467 -0.051 9.215 20
5.846 0.798 10.266 20
9.354 1.202 11.71 21
8.14 0.992 11.252 20
4.247 0.901 9.629 20
2.693 1.126 9.301 20
4.242 1.47 10.036 20
5.861 1.202 10.493 20
5.047 1.013 9.816 20
2.26 1.068 8.863 21
0.34 0.802 8.681 20
0.855 0.659 9.32 20
2.272 0.594 9.378 20
1.848 0.573 9.203 20
-0.497 0.237 8.82 20
-2.726 0.02 9.081 20
-3.073 0.005 9.442 21
-1.982 -0.015 9.392 20
-1.632 -0.059 9.26 20
-3.071 -0.195 9.366 20
-5.08 -0.358 9.947 20
-3.823 -0.41 10.429 20
-5.793 -0.451 9.911 21
-4.033 -0.389 9.777 20
-4.297 -0.585 10.223 20
-5.23 -0.671 10.431 20
-5.348 -0.439 10.508 20
-4.268 -0.422 10.266 20
-3.863 -0.683 9.967 20
-4.223 -0.458 10.079 21
-4.467 -0.147 10.137 20
-3.849 -0.109 10.01 20
-2.793 -0.157 9.658 20
-2.295 -0.032 9.55 20
-2.046 0.106 9.504 20
-1.658 0.144 9.452 20
-0.911 0.326 9.291 21
-0.162 0.45 9.267 20
0.376 0.383 9.248 20
0.742 0.345 9.253 20
1.393 0.484 9.449 20
2.112 0.628 9.37 20
2.485 0.666 9.411 20
2.799 0.587 9.54 21
2.729 0.527 9.763 20
3.17 0.676 9.639 20
5.406 0.541 9.71 20
4.522 0.587 10.254 20
4.793 0.68 10.113 20
4.594 0.74 10.105 21
4.386 0.508 10.122 20
4.618 0.745 10.187 20
4.822 0.781 10.326 20
4.841 0.525 10.244 20
4.173 0.594 10.038 20
3.79 0.606 9.94 20
3.804 0.506 9.979 21
3.546 0.587 9.883 20
3.043 0.563 9.727 20
2.416 0.364 9.56 20
1.934 0.343 9.495 20
1.693 0.321 9.502 20
1.353 0.285 9.445 20
0.632 0.192 9.442 21
-0.179 0.106 9.387 20
-0.602 0.144 9.394 20
-0.739 0.146 9.435 20
-1.227 0.132 9.507 20
-2.034 0.118 9.555 20
-2.623 0.163 9.679 20
-2.779 0.187 9.768 21
-2.755 0.146 9.789 20
-3.057 0.134 9.823 20
-3.521 0.161 9.971 20
-3.792 0.103 10.034 20
-3.646 0.07 10.022 20
-3.404 0.072 9.983 20
-3.389 -0.001 10.002 21
-3.502 -0.013 10.031 20
-3.437 0.067 9.99 20
-3.04 0.084 9.904 20
-2.573 0.022 9.801 20
-2.305 0.012 9.756 20
-2.128 0.06 9.684 20
-1.747 0.087 9.612 21
-1.086 0.087 9.598 20
-0.55 0.127 9.545 20
-0.284 0.154 9.476 20
-0.035 0.194 9.473 20
0.479 0.221 9.469 20
1.183 0.216 9.6 21
1.764 0.218 9.576 20
1.934 0.35 9.586 20
1.954 0.403 9.624 20
2.207 0.383 9.66 20
2.782 0.453 9.785 20
3.378 0.431 9.911 20
3.505 0.424 9.938 21
3.33 0.534 9.911 20
3.222 0.632 9.911 20
3.426 0.63 9.995 20
3.72 0.642 10.093 20
3.699 0.678 10.081 20
3.378 0.664 9.981 20
3.067 0.666 9.904 21
3.014 0.714 9.911 20
3.024 0.683 9.931 20
2.806 0.561 9.861 20
2.341 0.501 9.722 20
1.92 0.465 9.646 20
1.688 0.405 9.658 20
1.432 0.357 9.643 21
0.96 0.324 9.603 20
0.431 0.295 9.593 20
-0.021 0.173 9.528 20
-0.303 0.127 9.576 20
-0.569 0.156 9.583 20
-0.962 0.168 9.605 21
-1.397 0.06 9.696 20
-1.792 0.067 9.72 20
-2.029 0.089 9.718 20
-2.125 0.089 9.782 20
-2.228 0.029 9.842 20
-2.408 0.024 9.847 20
-2.614 0.027 9.88 21
-2.647 0.0 9.914 20
-2.568 0.01 9.933 20
-2.501 0.077 9.914 20
-2.458 0.075 9.909 20
-2.36 0.051 9.89 20
-2.156 0.091 9.835 20
-1.886 0.154 9.792 21
-1.603 0.158 9.742 20
-1.366 0.151 9.722 20
-1.079 0.194 9.706 20
-0.725 0.235 9.639 20
-0.318 0.257 9.622 20
-0.009 0.307 9.627 20
0.29 0.326 9.634 21
0.577 0.35 9.619 20
1.02 0.333 9.67 20
1.446 0.321 9.682 20
1.645 0.386 9.684 20
1.736 0.417 9.713 20
1.87 0.393 9.761 20
2.138 0.419 9.809 21
2.528 0.405 9.835 20
2.768 0.35 9.861 20
2.732 0.383 9.892 20
2.59 0.472 9.878 20
2.641 0.443 9.902 20
2.775 0.441 9.928 21
2.753 0.489 9.933 20
2.643 0.477 9.88 20
2.43 0.482 9.849 20
2.21 0.503 9.842 20
2.121 0.453 9.825 20
1.994 0.371 9.773 20
1.733 0.345 9.725 21
1.372 0.381 9.691 20
1.072 0.369 9.706 20
0.831 0.314 9.708 20
0.579 0.297 9.689 20
0.302 0.257 9.639 20
-0.088 0.235 9.682 20
-0.418 0.223 9.655 21
-0.655 0.194 9.674 20
-0.851 0.187 9.72 20
-1.089 0.154 9.73 20
-1.338 0.134 9.737 20
-1.543 0.166 9.739 20
-1.759 0.17 9.789 20
-1.725 0.084 9.825 21
-1.819 0.118 9.864 20
-1.886 0.127 9.83 20
-1.912 0.127 9.854 20
-1.903 0.134 9.84 20
-1.792 0.118 9.849 20
-1.654 0.089 9.821 20
-1.534 0.089 9.794 21
-1.388 0.134 9.785 20
-1.211 0.168 9.758 20
-0.935 0.187 9.732 20
-0.679 0.161 9.708 20
-0.454 0.201 9.691 20
-0.229 0.225 9.691 20
0.031 0.228 9.684 21
0.333 0.271 9.66 20
0.67 0.304 9.677 20
0.965 0.268 9.749 20
1.163 0.266 9.734 20
1.312 0.348 9.739 20
1.484 0.369 9.758 20
1.654 0.362 9.756 21
1.781 0.431 9.789 20
1.922 0.434 9.835 20
2.049 0.357 9.818 20
2.138 0.369 9.837 20
2.164 0.45 9.859 20
2.14 0.434 9.856 21
2.085 0.417 9.849 20
2.033 0.472 9.832 20
2.04 0.477 9.825 20
1.958 0.434 9.816 20
1.738 0.417 9.797 20
1.539 0.441 9.794 20
1.377 0.376 9.758 21
1.274 0.34 9.756 20
1.092 0.355 9.739 20
0.816 0.34 9.732 20
0.531 0.3 9.725 20
0.321 0.257 9.706 20
0.151 0.254 9.713 20
-0.023 0.213 9.725 21
-0.291 0.163 9.703 20
-0.581 0.209 9.708 20
-0.725 0.17 9.744 20
-0.813 0.101 9.753 20
-0.895 0.118 9.753 20
-1.103 0.187 9.768 21
-1.361 0.156 9.811 20
-1.345 0.084 9.804 20
-1.318 0.13 9.804 20
-1.311 0.175 9.818 20
-1.333 0.134 9.811 20
-1.371 0.146 9.777 20
-1.266 0.168 9.806 21
-1.065 0.125 9.794 20
-0.933 0.127 9.761 20
-0.847 0.249 9.751 20
-0.725 0.247 9.761 20
-0.492 0.185 9.73 20
-0.284 0.228 9.753 20
-0.162 0.307 9.72 21
0.024 0.29 9.725 20
0.287 0.29 9.73 20
0.522 0.316 9.744 20
0.711 0.333 9.727 20
0.936 0.316 9.763 20
1.101 0.307 9.758 20
1.207 0.348 9.758 21
1.377 0.331 9.773 20
1.527 0.29 9.797 20
1.606 0.348 9.806 20
1.609 0.403 9.792 20
1.609 0.398 9.811 20
1.669 0.376 9.811 20
1.767 0.362 9.83 21
1.8 0.348 9.832 20
1.683 0.371 9.832 20
1.547 0.395 9.818 20
1.506 0.383 9.797 20
1.451 0.355 9.797 20
1.333 0.307 9.787 21
1.144 0.348 9.746 20
0.919 0.355 9.739 20
0.802 0.331 9.744 20
0.697 0.302 9.753 20
0.5 0.3 9.727 20
0.263 0.316 9.734 20
0.041 0.28 9.727 21
-0.114 0.264 9.732 20
-0.236 0.23 9.756 20
-0.358 0.221 9.749 20
-0.504 0.221 9.746 20
-0.648 0.199 9.753 20
-0.729 0.211 9.787 20
-0.777 0.156 9.77 21
-0.82 0.13 9.768 20
-0.909 0.173 9.777 20
-1.0 0.197 9.809 20
-0.995 0.146 9.792 20
-0.911 0.144 9.797 20
-0.866 0.168 9.799 20
-0.792 0.163 9.77 21
-0.701 0.187 9.765 20
-0.67 0.211 9.77 20
-0.562 0.211 9.782 20
-0.377 0.197 9.749 20
-0.246 0.249 9.768 20
-0.15 0.266 9.756 20
0.0 0.254 9.744 21
0.175 0.259 9.73 20
0.39 0.295 9.732 20
0.565 0.314 9.751 20
0.682 0.331 9.739 20
0.814 0.328 9.78 20
0.948 0.312 9.794 21
1.07 0.319 9.78 20
1.214 0.331 9.777 20
1.298 0.324 9.792 20
1.321 0.336 9.804 20
1.357 0.362 9.799 20
1.408 0.357 9.801 20
1.422 0.362 9.799 20
1.412 0.379 9.811 21
1.386 0.359 9.806 20
1.329 0.326 9.804 20
1.281 0.338 9.804 20
1.218 0.333 9.794 20
1.128 0.338 9.775 20
0.974 0.324 9.773 21
0.828 0.328 9.775 20
0.742 0.312 9.773 20
0.613 0.3 9.765 20
0.457 0.3 9.751 20
0.278 0.292 9.749 20
0.122 0.259 9.734 20
0.009 0.249 9.753 21
-0.109 0.261 9.751 20
-0.227 0.24 9.758 20
-0.349 0.225 9.751 20
-0.452 0.218 9.751 20
-0.488 0.213 9.768 20
-0.557 0.187 9.78 20
-0.643 0.204 9.777 21
-0.71 0.197 9.777 20
-0.703 0.204 9.763 20
-0.67 0.192 9.777 20
-0.667 0.23 9.782 20
-0.658 0.211 9.787 20
-0.612 0.185 9.782 20
-0.538 0.182 9.782 21
-0.435 0.209 9.775 20
-0.339 0.218 9.763 20
-0.272 0.228 9.768 20
-0.186 0.247 9.737 20
-0.037 0.257 9.744 20
0.11 0.254 9.758 21
0.215 0.261 9.744 20
0.342 0.3 9.756 20
0.498 0.307 9.758 20
0.622 0.278 9.765 20
0.749 0.295 9.785 20
0.845 0.314 9.78 20
0.914 0.3 9.77 21
1.005 0.312 9.782 20
1.099 0.3 9.782 20
1.151 0.321 9.777 20
1.195 0.338 9.794 20
1.185 0.352 9.811 20
1.183 0.34 9.792 20
1.18 0.35 9.782 21
1.175 0.364 9.789 20
1.142 0.35 9.801 20
1.058 0.35 9.797 20
0.984 0.348 9.78 20
0.919 0.34 9.787 20
0.826 0.316 9.785 20
0.699 0.352 9.782 21
0.649 0.328 9.777 20
0.512 0.285 9.751 20
0.393 0.273 9.756 20
0.282 0.285 9.758 20
0.141 0.261 9.751 20
0.055 0.257 9.763 20
-0.049 0.237 9.763 21
-0.179 0.225 9.765 20
-0.258 0.211 9.753 20
-0.315 0.218 9.746 20
-0.363 0.221 9.761 20
-0.404 0.209 9.78 20
-0.444 0.201 9.77 21
-0.492 0.216 9.797 20
-0.512 0.194 9.773 20
-0.48 0.197 9.782 20
-0.459 0.204 9.765 20
-0.454 0.211 9.785 20
-0.423 0.211 9.797 20
-0.365 0.221 9.749 21
-0.272 0.261 9.756 20
-0.203 0.245 9.782 20
-0.14 0.257 9.768 20
-0.064 0.273 9.756 20
0.05 0.264 9.739 20
0.189 0.257 9.765 20
0.297 0.29 9.756 21
0.39 0.302 9.761 20
0.491 0.295 9.758 20
0.584 0.304 9.763 20
0.685 0.314 9.768 20
0.78 0.302 9.78 20
0.859 0.304 9.785 21
0.91 0.304 9.775 20
0.938 0.304 9.789 20
0.993 0.283 9.78 20
1.025 0.321 9.792 20
1.032 0.321 9.797 20
1.017 0.307 9.782 20
0.981 0.348 9.792 21
0.962 0.34 9.801 20
0.967 0.297 9.785 20
0.895 0.3 9.777 20
0.807 0.333 9.768 20
0.754 0.321 9.775 20
0.711 0.3 9.765 20
0.613 0.3 9.78 21
0.498 0.292 9.777 20
0.395 0.28 9.763 20
0.323 0.278 9.765 20
0.258 0.288 9.773 20
0.151 0.247 9.761 20
0.019 0.259 9.751 20
-0.066 0.259 9.765 21
-0.102 0.237 9.77 20
-0.155 0.221 9.787 20
-0.263 0.221 9.751 20
-0.291 0.237 9.775 20
-0.322 0.199 9.78 20
-0.342 0.206 9.773 20
-0.349 0.247 9.758 21
-0.349 0.23 9.763 20
-0.342 0.197 9.77 20
-0.33 0.23 9.765 20
-0.308 0.261 9.775 20
-0.32 0.199 9.746 20
-0.133 0.185 9.806 20
-0.181 0.297 9.72 21
-0.104 0.182 9.761 20
0.091 0.175 9.773 20
0.134 0.276 9.749 20
0.093 0.297 9.761 20
0.251 0.204 9.761 20
0.414 0.29 9.77 21
0.433 0.371 9.775 20
0.498 0.278 9.777 20
0.615 0.28 9.78 20
0.613 0.395 9.773 20
0.699 0.355 9.773 20
0.864 0.278 9.775 20
0.833 0.359 9.775 21
0.795 0.388 9.78 20
0.883 0.295 9.77 20
0.902 0.3 9.775 20
0.893 0.364 9.789 20
0.936 0.324 9.787 20
0.852 0.271 9.789 20
0.759 0.324 9.761 21
0.802 0.314 9.773 20
0.814 0.268 9.797 20
0.692 0.285 9.792 20
0.589 0.29 9.761 20
0.539 0.285 9.775 20
0.493 0.254 9.768 20
0.467 0.264 9.768 21
0.381 0.273 9.756 20
0.306 0.242 9.785 20
0.246 0.23 9.765 20
0.12 0.245 9.768 20
-0.002 0.242 9.746 20
-0.009 0.242 9.761 20
0.014 0.252 9.763 21
-0.119 0.242 9.773 20
-0.241 0.221 9.775 20
-0.253 0.235 9.77 20
-0.229 0.257 9.77 20
-0.215 0.247 9.751 20
-0.229 0.225 9.761 20
-0.272 0.28 9.773 21
-0.282 0.252 9.758 20
-0.152 0.228 9.768 20
-0.124 0.264 9.785 20
-0.167 0.268 9.777 20
-0.152 0.23 9.765 20
-0.002 0.259 9.765 21
0.062 0.295 9.792 20
0.086 0.249 9.77 20
0.12 0.247 9.792 20
0.163 0.261 9.765 20
0.325 0.257 9.773 20
0.46 0.245 9.768 20
0.443 0.271 9.761 21
0.462 0.273 9.773 20
0.589 0.242 9.768 20
0.661 0.271 9.785 20
0.668 0.304 9.768 20
0.689 0.292 9.785 20
0.721 0.271 9.758 20
0.768 0.304 9.777 21
0.816 0.309 9.787 20
0.778 0.285 9.794 20
0.74 0.324 9.765 20
0.761 0.35 9.777 20
0.771 0.307 9.797 20
0.701 0.302 9.773 20
0.653 0.336 9.761 21
0.615 0.319 9.78 20
0.591 0.302 9.763 20
0.577 0.312 9.797 20
0.519 0.307 9.77 20
0.414 0.297 9.768 20
0.333 0.29 9.756 20
0.29 0.292 9.765 21
0.258 0.29 9.763 20
0.175 0.254 9.739 20
0.112 0.288 9.768 20
0.021 0.29 9.785 20
-0.045 0.185 9.777 20
-0.042 0.24 9.763 21
-0.049 0.254 9.765 20
-0.064 0.161 9.768 20
-0.09 0.194 9.794 20
-0.212 0.235 9.782 20
-0.212 0.154 9.77 20
-0.076 0.173 9.777 20
-0.085 0.225 9.765 21
-0.145 0.211 9.777 20
-0.116 0.158 9.77 20
-0.093 0.228 9.763 20
-0.014 0.276 9.758 20
0.103 0.24 9.77 20
0.088 0.283 9.77 20
0.029 0.331 9.782 21
0.148 0.304 9.773 20
0.306 0.319 9.782 20
0.33 0.388 9.782 20
0.282 0.338 9.765 20
0.352 0.292 9.761 20
0.495 0.371 9.758 20
0.608 0.359 9.768 21
0.653 0.295 9.785 20
0.608 0.321 9.777 20
0.527 0.321 9.768 20
0.637 0.252 9.77 20
0.807 0.28 9.739 20
0.615 0.307 9.756 20
0.924 0.393 9.856 21
0.67 0.151 9.773 20
0.591 0.259 9.797 20
0.618 0.328 9.785 20
0.62 0.278 9.773 20
0.764 0.201 9.768 20
0.675 0.292 9.792 20
0.443 0.285 9.773 21
0.407 0.194 9.775 20
0.517 0.252 9.77 20
0.481 0.34 9.782 20
0.388 0.264 9.775 20
0.273 0.235 9.751 20
0.179 0.338 9.744 20
0.175 0.321 9.746 21
0.239 0.257 9.775 20
0.124 0.312 9.765 20
-0.002 0.357 9.763 20
-0.002 0.268 9.792 20
0.019 0.271 9.77 20
0.021 0.348 9.768 21
-0.045 0.304 9.773 20
-0.081 0.225 9.77 20
-0.1 0.283 9.751 20
-0.047 0.321 9.773 20
-0.018 0.218 9.77 20
-0.035 0.218 9.78 20
-0.054 0.283 9.768 21
0.038 0.225 9.77 20
0.115 0.189 9.765 20
0.096 0.273 9.773 20
0.045 0.223 9.78 20
0.122 0.17 9.768 20
0.234 0.237 9.782 20
0.306 0.271 9.758 21
0.342 0.211 9.751 20
0.345 0.254 9.768 20
0.316 0.295 9.758 20
0.45 0.235 9.77 20
0.567 0.257 9.777 20
0.558 0.364 9.775 20
0.495 0.309 9.773 21
0.555 0.259 9.782 20
0.61 0.343 9.785 20
0.656 0.374 9.792 20
0.663 0.312 9.77 20
0.601 0.357 9.773 20
0.586 0.391 9.789 20
0.661 0.321 9.78 21
0.685 0.336 9.78 20
0.57 0.381 9.775 20
0.517 0.338 9.768 20
0.534 0.3 9.773 20
0.551 0.285 9.78 20
0.524 0.297 9.77 20
0.4 0.283 9.78 21
0.297 0.264 9.763 20
0.366 0.259 9.763 20
0.412 0.252 9.758 20
0.306 0.225 9.777 20
0.16 0.233 9.775 20
0.122 0.242 9.77 21
0.141 0.218 9.751 20
0.165 0.216 9.782 20
0.098 0.235 9.773 20
0.007 0.252 9.789 20
0.017 0.237 9.777 20
0.064 0.209 9.768 20
0.038 0.257 9.777 20
-0.035 0.266 9.775 21
-0.028 0.257 9.751 20
0.062 0.271 9.763 20
0.076 0.307 9.78 20
0.019 0.309 9.77 20
0.024 0.309 9.765 20
0.079 0.321 9.78 21
0.163 0.302 9.77 20
0.179 0.292 9.753 20
0.17 0.331 9.777 20
0.203 0.316 9.773 20
0.282 0.283 9.775 20
0.357 0.276 9.749 20
0.359 0.316 9.78 21
0.361 0.271 9.765 20
0.412 0.254 9.765 20
0.481 0.302 9.763 20
0.512 0.29 9.77 20
0.529 0.254 9.773 20
0.503 0.276 9.765 20
0.505 0.29 9.77 21
0.591 0.257 9.794 20
0.639 0.245 9.775 20
0.589 0.276 9.78 20
0.536 0.276 9.787 20
0.543 0.254 9.768 20
0.572 0.285 9.77 20
0.562 0.312 9.775 21
0.519 0.271 9.782 20
0.462 0.273 9.782 20
0.445 0.326 9.777 20
0.457 0.297 9.768 20
0.421 0.273 9.753 20
0.354 0.35 9.78 20
0.29 0.34 9.775 21
0.29 0.285 9.775 20
0.28 0.333 9.756 20
0.23 0.343 9.761 20
0.175 0.29 9.768 20
0.148 0.288 9.756 20
0.132 0.338 9.768 21
0.12 0.278 9.765 20
0.115 0.24 9.773 20
0.053 0.316 9.785 20
0.067 0.259 9.77 20
0.062 0.23 9.782 20
0.1 0.261 9.763 20
0.072 0.268 9.782 21
0.069 0.175 9.777 20
0.045 0.213 9.765 20
0.108 0.261 9.761 20
0.177 0.204 9.777 20
0.16 0.192 9.792 20
0.122 0.247 9.77 20
0.165 0.223 9.768 21
0.275 0.218 9.768 20
0.29 0.278 9.775 20
0.261 0.276 9.768 20
0.285 0.235 9.763 20
0.347 0.28 9.773 20
0.381 0.304 9.763 20
0.445 0.307 9.77 21
0.438 0.3 9.78 20
0.424 0.312 9.763 20
0.469 0.321 9.77 20
0.527 0.336 9.785 20
0.524 0.338 9.782 20
0.493 0.34 9.794 20
0.488 0.348 9.777 21
0.479 0.407 9.768 20
0.639 0.302 9.765 20
0.582 0.307 9.787 20
0.515 0.24 9.753 20
0.404 0.348 9.773 20
0.539 0.242 9.773 21
0.414 0.276 9.828 20
0.342 0.264 9.756 20
0.345 0.285 9.77 20
0.373 0.249 9.78 20
0.354 0.211 9.761 20
0.352 0.201 9.785 20

# Completed @Tue Aug 01 09:31:43 GMT+08:00 2017
