0.254 0.249 9.773 0
0.302 0.271 9.77 20
0.285 0.276 9.765 20
0.258 0.228 9.77 20
0.246 0.18 9.756 20
0.22 0.211 9.773 20
0.234 0.228 9.763 20
0.225 0.218 9.765 21
0.112 0.187 9.758 20
0.072 0.278 9.777 20
0.086 0.271 9.782 20
0.141 0.345 9.77 20
0.182 0.316 9.787 20
0.246 0.261 9.765 20
0.266 0.252 9.758 21
0.282 0.201 9.763 20
0.249 0.137 9.763 20
0.132 0.065 9.763 20
0.11 0.005 9.763 20
0.124 -0.013 9.768 20
0.074 -0.09 9.768 20
0.074 -0.087 9.777 21
0.16 -0.02 9.753 20
0.234 0.103 9.756 20
0.285 0.185 9.768 20
0.23 0.324 9.768 20
0.148 0.367 9.765 20
0.127 0.34 9.756 21
0.048 0.343 9.763 20
-0.03 0.302 9.775 20
-0.057 0.326 9.775 20
-0.023 0.364 9.787 20
0.12 0.285 9.77 20
0.122 0.197 9.756 20
0.076 0.134 9.758 21
0.096 0.027 9.753 20
0.091 0.063 9.763 20
0.045 0.175 9.768 20
0.057 0.194 9.763 20
0.041 0.197 9.785 20
0.105 0.168 9.768 20
0.165 0.082 9.749 21
0.141 0.065 9.753 20
0.124 0.087 9.78 20
0.139 0.132 9.77 20
0.136 0.139 9.77 20
0.086 0.189 9.761 20
0.098 0.211 9.765 20
0.163 0.189 9.761 21
0.179 0.185 9.768 20
0.177 0.168 9.775 20
0.194 0.17 9.785 20
0.148 0.223 9.775 20
0.129 0.261 9.763 20
0.141 0.254 9.758 21
0.148 0.259 9.77 20
0.124 0.297 9.792 20
0.172 0.276 9.768 20
0.215 0.257 9.761 20
0.208 0.266 9.763 20
0.218 0.247 9.782 20
0.225 0.252 9.789 21
0.218 0.264 9.765 20
0.22 0.223 9.763 20
0.239 0.201 9.77 20
0.225 0.216 9.763 20
0.244 0.189 9.761 20
0.261 0.166 9.756 21
0.237 0.161 9.765 20
0.225 0.134 9.782 20
0.227 0.142 9.792 20
0.208 0.163 9.77 20
0.211 0.132 9.763 20
0.206 0.127 9.763 20
0.184 0.144 9.758 21
0.179 0.158 9.742 20
0.175 0.122 9.782 20
0.17 0.156 9.768 20
0.143 0.178 9.77 20
0.12 0.175 9.761 20
0.11 0.211 9.751 20
0.105 0.206 9.78 21
0.108 0.223 9.77 20
0.096 0.23 9.77 20
0.086 0.247 9.753 20
0.081 0.261 9.758 20
0.084 0.261 9.758 20
0.079 0.264 9.77 21
0.086 0.247 9.746 20
0.081 0.259 9.78 20
0.098 0.247 9.765 20
0.112 0.23 9.773 20
0.1 0.228 9.78 20
0.105 0.218 9.77 20
0.1 0.201 9.763 21
0.12 0.197 9.78 20
0.143 0.18 9.777 20
0.148 0.168 9.782 20
0.151 0.149 9.77 20
0.172 0.156 9.773 20
0.179 0.137 9.77 20
0.182 0.139 9.775 21
0.172 0.132 9.782 20
0.196 0.149 9.765 20
0.199 0.156 9.751 20
0.22 0.168 9.758 20
0.199 0.156 9.775 20
0.196 0.173 9.768 21
0.22 0.182 9.765 20
0.237 0.182 9.763 20
0.218 0.209 9.773 20
0.227 0.235 9.775 20
0.206 0.223 9.775 20
0.199 0.228 9.763 20
0.201 0.24 9.775 21
0.208 0.247 9.765 20
0.191 0.24 9.756 20
0.184 0.225 9.758 20
0.187 0.24 9.765 20
0.175 0.223 9.777 20
0.167 0.213 9.775 20
0.151 0.199 9.77 21
0.146 0.201 9.761 20
0.141 0.189 9.777 20
0.122 0.192 9.775 20
0.112 0.201 9.775 20
0.12 0.182 9.768 20
0.12 0.18 9.77 20
0.098 0.161 9.765 21
0.098 0.156 9.756 20
0.098 0.163 9.758 20
0.086 0.163 9.777 20
0.084 0.168 9.77 20
0.108 0.17 9.763 20
0.11 0.161 9.78 21
0.105 0.149 9.77 20
0.117 0.17 9.751 20
0.117 0.199 9.753 20
0.124 0.216 9.773 20
0.127 0.218 9.756 20
0.127 0.209 9.763 20
0.141 0.223 9.78 21
0.158 0.235 9.761 20
0.16 0.225 9.775 20
0.179 0.221 9.768 20
0.191 0.233 9.77 20
0.187 0.228 9.773 20
0.189 0.228 9.746 21
0.196 0.218 9.761 20
0.199 0.213 9.761 20
0.201 0.221 9.77 20
0.211 0.209 9.782 20
0.206 0.194 9.763 20
0.206 0.211 9.765 20
0.194 0.201 9.763 21
0.201 0.18 9.77 20
0.194 0.178 9.753 20
0.191 0.158 9.768 20
0.194 0.168 9.782 20
0.196 0.161 9.763 20
0.175 0.187 9.761 20
0.17 0.161 9.763 21
0.16 0.175 9.78 20
0.146 0.173 9.77 20
0.151 0.18 9.78 20
0.141 0.187 9.763 20
0.141 0.17 9.761 20
0.146 0.187 9.744 20
0.139 0.197 9.753 21
0.134 0.204 9.765 20
0.127 0.228 9.77 20
0.115 0.211 9.751 20
0.112 0.201 9.761 20
0.112 0.211 9.77 20
0.117 0.218 9.77 21
0.115 0.225 9.765 20
0.12 0.216 9.782 20
0.12 0.225 9.765 20
0.112 0.221 9.744 20
0.12 0.211 9.758 20
0.139 0.216 9.78 20
0.139 0.206 9.77 21
0.139 0.204 9.753 20
0.155 0.185 9.753 20
0.151 0.182 9.765 20
0.158 0.182 9.775 20
0.165 0.17 9.782 20
0.175 0.168 9.756 20
0.187 0.166 9.765 21
0.177 0.173 9.758 20
0.177 0.175 9.753 20
0.182 0.175 9.787 20
0.189 0.173 9.763 20
0.191 0.189 9.78 20
0.201 0.189 9.775 21
0.187 0.18 9.768 20
0.189 0.201 9.751 20
0.196 0.194 9.773 20
0.177 0.221 9.792 20
0.17 0.197 9.765 20
0.179 0.199 9.756 20
0.194 0.201 9.768 21
0.184 0.213 9.782 20
0.163 0.206 9.761 20
0.16 0.225 9.756 20
0.158 0.223 9.775 20
0.143 0.213 9.768 20
0.158 0.218 9.751 20
0.153 0.206 9.768 21
0.132 0.201 9.773 20
0.136 0.201 9.775 20
0.141 0.187 9.775 20
0.127 0.192 9.761 20
0.124 0.182 9.775 20
0.129 0.187 9.775 21
0.134 0.175 9.775 20
0.139 0.178 9.789 20
0.129 0.189 9.756 20
0.115 0.178 9.773 20
0.136 0.182 9.768 20
0.143 0.192 9.775 20
0.136 0.182 9.761 21
0.155 0.18 9.758 20
0.151 0.182 9.773 20
0.155 0.206 9.751 20
0.158 0.194 9.777 20
0.158 0.197 9.765 20
0.163 0.225 9.768 20
0.167 0.221 9.765 21
0.165 0.204 9.746 20
0.175 0.223 9.792 20
0.172 0.216 9.775 20
0.17 0.221 9.777 20
0.167 0.209 9.773 20
0.175 0.206 9.765 20
0.182 0.206 9.773 21
0.167 0.197 9.77 20
0.177 0.192 9.765 20
0.189 0.189 9.765 20
0.177 0.194 9.775 20
0.175 0.201 9.77 20
0.167 0.18 9.768 21
0.172 0.17 9.775 20
0.177 0.163 9.756 20
0.182 0.182 9.756 20
0.167 0.175 9.765 20
0.165 0.168 9.775 20
0.16 0.192 9.78 20
0.163 0.189 9.763 21
0.163 0.189 9.775 20
0.146 0.194 9.787 20
0.141 0.178 9.758 20
0.143 0.182 9.777 20
0.143 0.199 9.761 20
0.132 0.218 9.761 21
0.275 0.254 9.794 20
0.328 0.173 9.72 20
0.594 -0.331 9.718 20
0.371 0.06 9.825 20
0.364 1.638 9.825 20
0.012 1.027 9.564 20
-0.964 -0.645 9.703 21
-1.148 0.802 9.677 20
-0.057 1.015 9.607 20
0.124 -0.588 9.332 20
-1.558 -0.217 9.485 20
-2.183 0.309 9.454 20
-1.821 -0.628 9.667 20
-2.211 -0.451 9.504 21
-2.489 0.601 9.303 20
-3.557 0.501 9.883 20
-4.694 -0.176 9.959 20
-4.613 -0.023 10.05 20
-4.364 0.067 9.591 20
-4.311 -0.475 9.967 21
-4.395 -1.016 10.149 20
-4.428 -0.722 10.232 20
-4.862 -0.322 10.515 20
-4.155 -0.444 11.346 20
-3.82 -0.403 10.156 20
-3.581 -0.363 9.71 20
-2.429 -0.272 9.718 21
-1.998 0.201 9.145 20
-2.087 0.709 9.109 20
-0.452 -0.099 9.323 20
1.207 0.611 8.468 20
-2.669 -0.07 8.463 20
0.907 2.663 8.039 20
5.629 2.079 8.429 21
8.65 -1.349 9.89 20
7.036 1.6 9.629 20
4.369 3.187 9.234 20
5.317 -0.092 9.054 20
9.354 0.369 10.52 20
12.893 1.911 13.017 21
9.373 1.253 11.532 20
6.105 0.374 9.447 20
8.518 0.805 10.783 20
11.535 0.264 12.375 20
10.02 -0.784 11.796 20
7.089 -0.229 10.089 20
6.093 0.132 9.595 21
6.136 -0.784 9.895 20
6.866 -1.196 10.165 20
5.542 -0.473 9.394 20
2.487 -0.475 8.374 20
1.266 -1.093 8.377 20
2.188 -0.518 8.667 20
2.463 0.161 8.568 21
0.081 -0.171 8.185 20
-2.695 -0.217 8.396 20
-3.492 0.733 8.949 20
-2.848 0.793 9.059 20
-2.741 0.12 8.772 20
-4.342 0.508 8.987 20
-6.629 1.073 9.725 21
-7.306 0.941 10.51 20
-6.909 0.8 10.52 20
-6.717 1.025 10.239 20
-7.256 0.726 10.292 20
-8.415 0.491 10.8 20
-8.805 0.668 11.264 20
-7.682 0.273 10.975 21
-6.26 -0.363 10.251 20
-6.265 -0.214 10.103 20
-6.782 -0.288 10.347 20
-6.049 -0.829 10.204 20
-4.555 -0.801 9.706 20
-3.207 -0.676 9.212 21
-2.626 -0.791 9.05 20
-2.563 -0.76 9.04 20
-1.821 -0.662 8.87 20
-0.308 -0.523 8.69 20
0.922 -0.406 8.683 20
1.446 -0.149 8.75 20
1.678 0.209 8.856 21
2.466 0.18 8.956 20
3.668 0.024 9.138 20
4.841 0.278 9.471 20
5.2 0.637 9.694 20
5.269 0.644 9.83 20
5.835 0.747 10.204 21
6.656 0.836 10.467 20
7.235 0.654 10.584 20
7.192 0.891 10.642 20
7.075 1.027 10.68 20
6.893 0.872 10.716 20
6.498 0.723 10.627 20
6.397 0.546 10.477 21
6.179 0.379 10.239 20
5.535 0.28 10.036 20
4.738 0.154 9.785 20
3.869 0.079 9.512 20
3.076 0.043 9.282 20
2.478 -0.061 9.181 20
2.064 -0.197 9.064 21
1.156 -0.138 8.968 20
0.165 -0.14 8.93 20
-0.789 -0.099 8.968 20
-1.57 -0.164 9.066 20
-1.934 -0.042 9.174 20
-2.413 -0.063 9.279 21
-3.157 -0.171 9.382 20
-3.914 -0.169 9.617 20
-4.4 -0.274 9.758 20
-4.546 -0.307 9.892 20
-5.068 -0.02 10.091 20
-5.678 0.295 10.266 20
-5.98 0.261 10.345 21
-5.987 0.178 10.347 20
-5.762 0.23 10.335 20
-5.463 0.235 10.314 20
-5.295 0.288 10.287 20
-5.135 0.276 10.184 20
-4.687 0.108 10.024 20
-4.019 0.096 9.847 21
-3.411 0.213 9.648 20
-2.867 0.209 9.519 20
-2.357 0.168 9.425 20
-1.835 0.206 9.248 20
-1.019 0.235 9.205 20
-0.1 0.051 9.126 20
0.603 0.13 9.155 21
0.917 0.338 9.198 20
1.326 0.264 9.193 20
2.282 0.108 9.284 20
3.208 0.201 9.44 20
3.72 0.137 9.631 20
3.792 0.139 9.789 21
4.048 0.288 9.751 20
4.599 0.352 9.967 20
5.243 0.199 10.192 20
5.351 0.268 10.268 20
5.164 0.403 10.239 20
5.2 0.288 10.216 20
5.286 0.247 10.263 21
5.269 0.235 10.299 20
4.989 0.156 10.189 20
4.463 0.125 10.019 20
4.104 0.12 9.9 20
3.857 0.07 9.84 20
3.349 0.003 9.694 20
2.571 -0.003 9.543 21
1.977 0.012 9.442 20
1.606 -0.006 9.332 20
1.022 0.099 9.301 20
0.275 0.154 9.284 20
-0.485 0.17 9.284 20
-1.12 0.175 9.342 21
-1.529 0.182 9.425 20
-1.745 0.261 9.461 20
-2.18 0.245 9.538 20
-2.836 0.18 9.665 20
-3.322 0.103 9.794 20
-3.495 0.079 9.864 20
-3.669 0.178 9.931 21
-3.962 0.352 10.007 20
-4.292 0.381 10.081 20
-4.534 0.285 10.141 20
-4.404 0.213 10.149 20
-4.11 0.225 10.108 20
-3.916 0.216 10.05 20
-3.868 0.108 10.022 21
-3.701 0.0 9.969 20
-3.224 -0.027 9.811 20
-2.63 -0.027 9.725 20
-2.19 -0.011 9.651 20
-1.943 0.034 9.557 20
-1.587 0.041 9.521 21
-0.911 0.0 9.421 20
-0.215 -0.023 9.394 20
0.34 0.127 9.411 20
0.699 0.228 9.428 20
0.967 0.228 9.44 20
1.532 0.158 9.481 20
2.26 0.201 9.56 21
2.835 0.316 9.679 20
3.043 0.314 9.725 20
3.136 0.309 9.746 20
3.383 0.345 9.868 20
3.886 0.235 10.005 20
4.197 0.307 10.065 20
4.183 0.407 10.074 21
4.034 0.3 10.062 20
4.015 0.209 10.077 20
4.022 0.314 10.084 20
3.91 0.302 10.065 20
3.615 0.225 9.952 20
3.232 0.199 9.854 21
2.997 0.13 9.801 20
2.722 0.041 9.761 20
2.222 0.051 9.658 20
1.664 0.075 9.567 20
1.245 0.02 9.519 20
0.823 -0.008 9.521 20
0.373 -0.006 9.488 21
-0.131 0.017 9.469 20
-0.703 0.041 9.524 20
-1.16 0.01 9.591 20
-1.357 0.029 9.593 20
-1.555 0.161 9.61 20
-1.982 0.125 9.667 20
-2.398 0.058 9.753 21
-2.642 0.008 9.818 20
-2.724 0.072 9.864 20
-2.831 0.17 9.888 20
-3.052 0.288 9.921 20
-3.246 0.314 9.967 20
-3.277 0.28 9.99 21
-3.128 0.285 9.955 20
-2.968 0.362 9.938 20
-2.899 0.379 9.928 20
-2.788 0.309 9.9 20
-2.499 0.259 9.821 20
-2.061 0.233 9.765 20
-1.711 0.245 9.698 21
-1.472 0.268 9.658 20
-1.191 0.245 9.631 20
-0.763 0.209 9.583 20
-0.284 0.206 9.56 20
0.211 0.192 9.55 20
0.594 0.154 9.557 20
0.879 0.182 9.591 21
1.183 0.139 9.627 20
1.673 0.077 9.634 20
2.128 0.146 9.689 20
2.382 0.151 9.746 20
2.554 0.099 9.799 20
2.729 0.063 9.828 21
2.969 0.051 9.866 20
3.189 0.063 9.931 20
3.249 0.11 9.928 20
3.21 0.158 9.955 20
3.146 0.125 9.952 20
3.091 0.125 9.921 20
2.981 0.194 9.916 21
2.847 0.199 9.859 20
2.576 0.209 9.821 20
2.267 0.233 9.777 20
1.987 0.233 9.746 20
1.652 0.252 9.694 20
1.312 0.285 9.674 20
0.984 0.261 9.629 21
0.577 0.252 9.605 20
0.112 0.264 9.622 20
-0.277 0.28 9.629 20
-0.571 0.312 9.624 20
-0.854 0.288 9.643 20
-1.105 0.225 9.696 21
-1.349 0.29 9.713 20
-1.625 0.271 9.73 20
-1.857 0.12 9.763 20
-2.008 0.051 9.797 20
-2.075 0.077 9.832 20
-2.202 0.091 9.847 20
-2.389 0.13 9.871 21
-2.405 0.101 9.864 20
-2.369 0.063 9.885 20
-2.3 0.031 9.871 20
-2.192 0.065 9.854 20
-2.099 0.12 9.844 20
-1.96 0.091 9.801 20
-1.677 0.039 9.758 21
-1.381 0.067 9.751 20
-1.163 0.108 9.727 20
-0.94 0.127 9.701 20
-0.646 0.197 9.672 20
-0.296 0.264 9.646 20
0.045 0.24 9.636 21
0.352 0.228 9.648 20
0.606 0.328 9.686 20
0.95 0.314 9.662 20
1.259 0.336 9.686 20
1.537 0.376 9.71 20
1.736 0.348 9.751 20
1.942 0.321 9.763 21
2.147 0.35 9.809 20
2.339 0.326 9.83 20
2.442 0.257 9.849 20
2.48 0.245 9.861 20
2.487 0.216 9.878 20
2.502 0.206 9.897 20
2.463 0.221 9.864 21
2.349 0.189 9.835 20
2.169 0.154 9.813 20
1.951 0.12 9.794 20
1.805 0.113 9.782 20
1.637 0.089 9.763 20
1.353 0.048 9.722 20
1.049 0.02 9.694 21
0.768 0.043 9.703 20
0.491 0.07 9.67 20
0.175 0.055 9.665 20
-0.176 0.067 9.686 20
-0.483 0.091 9.689 20
-0.679 0.091 9.708 21
-0.811 0.149 9.725 20
-1.014 0.247 9.73 20
-1.194 0.237 9.744 20
-1.385 0.187 9.768 20
-1.529 0.187 9.797 20
-1.57 0.166 9.806 20
-1.575 0.175 9.809 21
-1.663 0.268 9.83 20
-1.74 0.276 9.837 20
-1.728 0.233 9.837 20
-1.697 0.278 9.825 20
-1.608 0.309 9.801 20
-1.496 0.319 9.799 21
-1.369 0.307 9.782 20
-1.184 0.268 9.765 20
-0.942 0.252 9.746 20
-0.758 0.285 9.725 20
-0.593 0.283 9.732 20
-0.382 0.247 9.725 20
-0.172 0.24 9.691 21
0.103 0.204 9.701 20
0.373 0.206 9.703 20
0.625 0.206 9.706 20
0.809 0.189 9.718 20
1.039 0.134 9.73 20
1.288 0.12 9.768 20
1.46 0.13 9.775 21
1.618 0.142 9.763 20
1.705 0.125 9.792 20
1.798 0.125 9.804 20
1.906 0.096 9.825 20
1.954 0.094 9.811 20
1.922 0.149 9.828 20
1.882 0.168 9.825 21
1.858 0.127 9.804 20
1.784 0.158 9.806 20
1.664 0.158 9.801 20
1.518 0.178 9.782 20
1.314 0.209 9.763 20
1.142 0.201 9.742 21
0.953 0.187 9.737 20
0.723 0.216 9.734 20
0.505 0.221 9.706 20
0.273 0.228 9.715 20
0.021 0.216 9.706 20
-0.174 0.213 9.71 20
-0.344 0.218 9.734 21
-0.547 0.206 9.722 20
-0.693 0.211 9.746 20
-0.83 0.182 9.753 20
-0.964 0.189 9.749 20
-1.053 0.233 9.763 20
-1.156 0.216 9.792 21
-1.22 0.151 9.804 20
-1.251 0.13 9.785 20
-1.259 0.099 9.792 20
-1.249 0.149 9.811 20
-1.239 0.168 9.813 20
-1.191 0.161 9.804 20
-1.103 0.144 9.801 21
-0.976 0.161 9.765 20
-0.837 0.168 9.773 20
-0.713 0.185 9.753 20
-0.576 0.182 9.763 20
-0.411 0.189 9.739 20
-0.255 0.211 9.725 21
-0.097 0.23 9.727 20
0.105 0.252 9.734 20
0.316 0.252 9.722 20
0.483 0.233 9.737 20
0.653 0.237 9.73 20
0.847 0.242 9.739 20
0.998 0.257 9.742 21
1.118 0.257 9.765 20
1.254 0.223 9.789 20
1.343 0.24 9.777 20
1.42 0.247 9.806 20
1.499 0.199 9.806 20
1.506 0.199 9.801 20
1.515 0.189 9.794 21
1.523 0.142 9.797 20
1.463 0.151 9.811 20
1.377 0.151 9.775 20
1.29 0.106 9.785 20
1.197 0.101 9.77 20
1.072 0.125 9.773 21
0.907 0.125 9.765 20
0.74 0.118 9.751 20
0.579 0.142 9.734 20
0.421 0.122 9.725 20
0.239 0.142 9.734 20
0.029 0.166 9.751 20
-0.126 0.161 9.727 21
-0.27 0.156 9.73 20
-0.394 0.17 9.756 20
-0.507 0.163 9.756 20
-0.631 0.173 9.749 20
-0.72 0.204 9.756 20
-0.763 0.218 9.77 20
-0.849 0.235 9.782 21
-0.942 0.254 9.78 20
-0.93 0.273 9.789 20
-0.916 0.261 9.787 20
-0.909 0.242 9.785 20
-0.875 0.221 9.797 20
-0.832 0.235 9.787 21
-0.77 0.245 9.763 20
-0.679 0.237 9.77 20
-0.571 0.218 9.782 20
-0.48 0.209 9.749 20
-0.365 0.199 9.751 20
-0.222 0.209 9.751 20
-0.093 0.209 9.768 21
0.064 0.182 9.737 20
0.23 0.173 9.737 20
0.369 0.173 9.732 20
0.507 0.185 9.761 20
0.646 0.197 9.77 20
0.761 0.17 9.758 20
0.867 0.154 9.763 21
0.962 0.187 9.775 20
1.046 0.216 9.768 20
1.084 0.189 9.749 20
1.154 0.209 9.78 20
1.183 0.209 9.792 20
1.211 0.189 9.794 21
1.209 0.18 9.777 20
1.178 0.187 9.785 20
1.123 0.161 9.789 20
1.06 0.149 9.789 20
1.003 0.163 9.777 20
0.907 0.161 9.782 20
0.768 0.151 9.761 21
0.663 0.137 9.746 20
0.565 0.142 9.765 20
0.436 0.139 9.763 20
0.28 0.151 9.746 20
0.132 0.161 9.763 20
0.009 0.156 9.744 21
-0.112 0.122 9.727 20
-0.207 0.151 9.753 20
-0.322 0.161 9.761 20
-0.394 0.209 9.761 20
-0.5 0.168 9.777 20
-0.533 0.175 9.78 20
-0.6 0.216 9.761 21
-0.638 0.206 9.756 20
-0.662 0.213 9.756 20
-0.691 0.252 9.777 20
-0.698 0.218 9.773 20
-0.672 0.242 9.787 20
-0.646 0.247 9.77 20
-0.569 0.242 9.763 21
-0.509 0.211 9.777 20
-0.442 0.223 9.765 20
-0.339 0.237 9.746 20
-0.26 0.223 9.753 20
-0.172 0.213 9.761 20
-0.059 0.221 9.761 21
0.069 0.206 9.768 20
0.175 0.194 9.763 20
0.294 0.187 9.761 20
0.431 0.185 9.753 20
0.515 0.168 9.749 20
0.613 0.163 9.756 20
0.709 0.175 9.749 21
0.78 0.175 9.763 20
0.862 0.168 9.768 20
0.91 0.161 9.782 20
0.931 0.166 9.777 20
0.948 0.149 9.768 20
0.991 0.154 9.777 20
0.986 0.154 9.785 21
0.965 0.154 9.78 20
0.929 0.156 9.78 20
0.871 0.151 9.744 20
0.816 0.156 9.765 20
0.747 0.146 9.763 20
0.658 0.161 9.773 21
0.57 0.185 9.768 20
0.479 0.194 9.761 20
0.383 0.175 9.768 20
0.266 0.166 9.763 20
0.139 0.189 9.749 20
0.024 0.192 9.756 20
-0.069 0.199 9.773 21
-0.138 0.192 9.761 20
-0.236 0.199 9.758 20
-0.301 0.194 9.777 20
-0.353 0.197 9.763 20
-0.399 0.201 9.763 20
-0.449 0.206 9.777 20
-0.495 0.213 9.78 21
-0.509 0.204 9.773 20
-0.512 0.221 9.763 20
-0.516 0.213 9.768 20
-0.492 0.187 9.77 20
-0.471 0.209 9.761 20
-0.437 0.211 9.775 21
-0.375 0.192 9.768 20
-0.294 0.173 9.775 20
-0.239 0.178 9.768 20
-0.176 0.197 9.758 20
-0.083 0.185 9.768 20
-0.002 0.189 9.768 20
0.103 0.209 9.749 21
0.211 0.192 9.765 20
0.292 0.199 9.782 20
0.373 0.209 9.768 20
0.472 0.201 9.77 20
0.553 0.204 9.761 20
0.625 0.189 9.777 20
0.68 0.194 9.768 21
0.732 0.189 9.761 20
0.771 0.204 9.78 20
0.802 0.194 9.768 20
0.828 0.173 9.785 20
0.828 0.173 9.785 20
0.826 0.178 9.775 21
0.807 0.17 9.758 20
0.788 0.166 9.761 20
0.735 0.156 9.761 20
0.689 0.166 9.785 20
0.63 0.163 9.785 20
0.567 0.151 9.753 20
0.483 0.149 9.763 21
0.409 0.173 9.751 20
0.323 0.163 9.751 20
0.215 0.151 9.758 20
0.134 0.161 9.77 20
0.062 0.175 9.768 20
-0.03 0.182 9.758 20
-0.119 0.182 9.761 21
-0.179 0.17 9.761 20
-0.229 0.187 9.763 20
-0.263 0.204 9.756 20
-0.313 0.192 9.773 20
-0.334 0.211 9.768 20
-0.361 0.194 9.78 21
-0.368 0.204 9.78 20
-0.375 0.199 9.777 20
-0.37 0.211 9.77 20
-0.361 0.225 9.753 20
-0.332 0.221 9.758 20
-0.313 0.211 9.78 20
-0.265 0.233 9.765 21
-0.21 0.218 9.763 20
-0.145 0.206 9.768 20
-0.093 0.204 9.763 20
-0.014 0.199 9.761 20
0.057 0.197 9.758 20
0.146 0.192 9.742 21
0.215 0.185 9.753 20
0.299 0.194 9.768 20
0.378 0.201 9.768 20
0.443 0.187 9.768 20
0.5 0.175 9.763 20
0.551 0.163 9.756 20
0.598 0.182 9.758 21
0.641 0.166 9.768 20
0.682 0.168 9.77 20
0.694 0.18 9.777 20
0.689 0.168 9.777 20
0.694 0.175 9.765 20
0.713 0.166 9.77 20
0.677 0.156 9.78 21
0.646 0.158 9.768 20
0.62 0.158 9.763 20
0.572 0.178 9.777 20
0.512 0.187 9.775 20
0.457 0.18 9.768 20
0.397 0.182 9.763 20
0.325 0.182 9.768 21
0.263 0.178 9.768 20
0.179 0.178 9.753 20
0.117 0.185 9.751 20
0.057 0.192 9.758 20
-0.004 0.189 9.773 20
-0.095 0.192 9.758 21
-0.143 0.201 9.756 20
-0.186 0.197 9.763 20
-0.219 0.18 9.765 20
-0.231 0.185 9.751 20
-0.246 0.194 9.775 20
-0.277 0.197 9.789 20
-0.282 0.187 9.775 21
-0.279 0.194 9.758 20
-0.253 0.185 9.787 20
-0.267 0.192 9.758 20
-0.234 0.189 9.761 20
-0.195 0.197 9.768 20
-0.176 0.187 9.765 20
-0.116 0.189 9.744 21
-0.059 0.199 9.749 20
-0.009 0.201 9.753 20
0.048 0.192 9.77 20
0.103 0.182 9.742 20
0.163 0.201 9.763 20
0.232 0.182 9.765 21
0.287 0.197 9.758 20
0.361 0.187 9.763 20
0.428 0.187 9.744 20
0.467 0.194 9.756 20
0.505 0.173 9.787 20
0.541 0.175 9.763 20
0.565 0.187 9.758 21
0.596 0.185 9.765 20
0.62 0.182 9.756 20
0.601 0.187 9.756 20
0.601 0.178 9.777 20
0.594 0.161 9.758 20
0.572 0.17 9.761 20
0.546 0.175 9.785 21
0.517 0.158 9.782 20
0.483 0.189 9.78 20
0.44 0.178 9.77 20
0.385 0.166 9.773 20
0.318 0.166 9.758 20
0.251 0.18 9.756 21
0.203 0.18 9.768 20
0.153 0.175 9.751 20
0.096 0.178 9.768 20
0.043 0.182 9.761 20
-0.021 0.185 9.739 20
-0.059 0.189 9.753 20
-0.095 0.185 9.768 21
-0.14 0.199 9.765 20
-0.157 0.192 9.763 20
-0.174 0.192 9.756 20
-0.203 0.197 9.765 20
-0.21 0.182 9.773 20
-0.203 0.201 9.77 21
-0.195 0.213 9.792 20
-0.195 0.201 9.792 20
-0.172 0.206 9.765 20
-0.148 0.206 9.768 20
-0.116 0.218 9.775 20
-0.073 0.199 9.773 20
-0.033 0.185 9.761 21
0.007 0.18 9.773 20
0.067 0.178 9.78 20
0.115 0.185 9.77 20
0.167 0.201 9.751 20
0.203 0.187 9.761 20
0.258 0.194 9.758 20
0.309 0.189 9.761 21
0.352 0.168 9.765 20
0.39 0.166 9.763 20
0.443 0.182 9.775 20
0.474 0.18 9.753 20
0.493 0.178 9.775 20
0.51 0.173 9.773 21
0.522 0.182 9.765 20
0.527 0.18 9.763 20
0.531 0.163 9.761 20
0.507 0.18 9.775 20
0.495 0.161 9.77 20
0.481 0.178 9.78 20
0.46 0.194 9.761 21
0.428 0.173 9.782 20
0.393 0.187 9.768 20
0.34 0.18 9.782 20
0.311 0.182 9.765 20
0.263 0.18 9.761 20
0.199 0.209 9.77 21
0.155 0.204 9.763 20
0.117 0.197 9.744 20
0.079 0.194 9.763 20
0.029 0.192 9.768 20
-0.014 0.197 9.763 20
-0.028 0.197 9.763 20
-0.078 0.199 9.765 21
-0.109 0.187 9.773 20
-0.121 0.201 9.763 20
-0.126 0.187 9.77 20
-0.143 0.192 9.77 20
-0.14 0.18 9.77 20
-0.148 0.182 9.751 20
-0.124 0.189 9.761 21
-0.112 0.192 9.775 20
-0.088 0.199 9.773 20
-0.078 0.192 9.765 20
-0.042 0.185 9.756 20
-0.002 0.189 9.768 20
0.024 0.194 9.77 21
0.069 0.201 9.744 20
0.105 0.18 9.763 20
0.155 0.201 9.768 20
0.196 0.194 9.765 20
0.237 0.187 9.765 20
0.273 0.194 9.753 20
0.321 0.185 9.77 21
0.347 0.199 9.746 20
0.373 0.185 9.744 20
0.397 0.187 9.758 20
0.424 0.199 9.768 20
0.46 0.178 9.777 20
0.464 0.163 9.773 21
0.46 0.185 9.773 20
0.474 0.189 9.773 20
0.467 0.175 9.773 20
0.452 0.175 9.777 20
0.436 0.175 9.765 20
0.421 0.185 9.768 20
0.371 0.182 9.777 21
0.357 0.166 9.773 20
0.325 0.163 9.758 20
0.29 0.185 9.763 20
0.254 0.182 9.768 20
0.211 0.17 9.775 20
0.172 0.161 9.775 21
0.122 0.178 9.777 20
0.091 0.182 9.775 20
0.074 0.182 9.756 20
0.031 0.182 9.756 20
0.005 0.185 9.763 20
-0.033 0.189 9.761 20
-0.045 0.187 9.777 21
-0.061 0.189 9.77 20
-0.078 0.209 9.77 20
-0.078 0.199 9.78 20
-0.09 0.194 9.77 20
-0.071 0.185 9.765 20
-0.078 0.192 9.756 20
-0.059 0.187 9.758 21
-0.047 0.189 9.758 20
-0.021 0.192 9.756 20
0.009 0.199 9.749 20
0.033 0.18 9.753 20
0.055 0.182 9.761 20
0.096 0.194 9.768 21
0.12 0.199 9.773 20
0.153 0.199 9.758 20
0.194 0.189 9.742 20
0.22 0.189 9.756 20
0.256 0.187 9.77 20
0.28 0.18 9.758 20
0.321 0.189 9.753 21
0.342 0.18 9.765 20
0.371 0.185 9.765 20
0.383 0.175 9.749 20
0.407 0.175 9.765 20
0.407 0.189 9.751 20
0.404 0.173 9.77 21
0.414 0.182 9.768 20
0.407 0.189 9.792 20
0.409 0.175 9.775 20
0.385 0.175 9.78 20
0.357 0.194 9.777 20
0.34 0.187 9.77 20
0.323 0.17 9.777 21
0.287 0.175 9.777 20
0.258 0.178 9.753 20
0.234 0.18 9.775 20
0.199 0.182 9.761 20
0.151 0.175 9.749 20
0.146 0.182 9.77 20
0.115 0.18 9.785 21
0.067 0.185 9.763 20
0.055 0.197 9.77 20
0.036 0.182 9.751 20
0.012 0.173 9.746 20
-0.009 0.197 9.777 20
-0.006 0.192 9.758 21
-0.023 0.199 9.765 20
-0.04 0.175 9.756 20
-0.035 0.18 9.77 20
-0.045 0.182 9.775 20
-0.042 0.185 9.768 20
-0.016 0.187 9.765 20
-0.004 0.189 9.775 21
0.012 0.192 9.746 20
0.031 0.197 9.758 20
0.05 0.192 9.761 20
0.093 0.201 9.765 20
0.11 0.175 9.787 20
0.129 0.175 9.765 20
0.151 0.197 9.77 21
0.199 0.189 9.763 20
0.225 0.194 9.78 20
0.232 0.194 9.765 20
0.266 0.175 9.768 20
0.292 0.185 9.768 20
0.325 0.187 9.777 21
0.342 0.173 9.763 20
0.342 0.187 9.768 20
0.373 0.187 9.775 20
0.364 0.192 9.785 20
0.364 0.189 9.765 20
0.354 0.192 9.761 20
0.34 0.178 9.761 21
0.347 0.158 9.765 20
0.34 0.175 9.765 20
0.316 0.178 9.775 20
0.28 0.182 9.773 20
0.282 0.187 9.78 20
0.258 0.178 9.763 21
0.22 0.178 9.77 20
0.199 0.173 9.768 20
0.196 0.173 9.763 20
0.148 0.161 9.768 20
0.141 0.182 9.77 20
0.108 0.182 9.763 20
0.093 0.194 9.746 21
0.076 0.187 9.761 20
0.06 0.182 9.777 20
0.038 0.18 9.765 20
0.017 0.175 9.775 20
0.009 0.182 9.765 20
0.007 0.197 9.746 21
0.014 0.187 9.746 20
0.009 0.173 9.777 20
0.0 0.199 9.77 20
0.026 0.182 9.753 20
0.024 0.206 9.756 20
0.031 0.211 9.77 20
0.05 0.199 9.773 21
0.074 0.189 9.77 20
0.098 0.175 9.77 20
0.11 0.175 9.761 20
0.122 0.197 9.753 20
0.17 0.197 9.763 20
0.177 0.192 9.765 20
0.201 0.178 9.787 21
0.251 0.187 9.775 20
0.246 0.178 9.761 20
0.256 0.175 9.763 20
0.28 0.175 9.763 20
0.275 0.163 9.768 20
0.302 0.18 9.756 21
0.323 0.178 9.763 20
0.309 0.178 9.763 20
0.328 0.185 9.758 20
0.335 0.192 9.77 20
0.335 0.178 9.758 20
0.311 0.173 9.746 20
0.306 0.178 9.763 21
0.292 0.189 9.768 20
0.29 0.178 9.753 20
0.266 0.192 9.758 20
0.256 0.178 9.761 20
0.225 0.182 9.777 20
0.196 0.206 9.785 20
0.199 0.18 9.777 21
0.177 0.192 9.749 20
0.16 0.18 9.756 20
0.143 0.187 9.78 20
0.127 0.182 9.775 20
0.1 0.189 9.777 20
0.091 0.185 9.761 21
0.064 0.185 9.763 20
0.064 0.194 9.775 20
0.053 0.182 9.77 20
0.036 0.187 9.761 20
0.038 0.197 9.768 20
0.036 0.185 9.758 20
0.031 0.18 9.765 21
0.055 0.189 9.773 20
0.057 0.187 9.785 20
0.062 0.194 9.77 20
0.074 0.206 9.763 20
0.091 0.185 9.782 20
0.098 0.187 9.758 21
0.117 0.185 9.77 20
0.143 0.189 9.775 20
0.155 0.185 9.746 20
0.17 0.187 9.765 20
0.189 0.194 9.775 20
0.208 0.189 9.763 20
0.201 0.187 9.751 21
0.223 0.185 9.765 20
0.244 0.185 9.756 20
0.266 0.182 9.768 20
0.268 0.185 9.768 20
0.282 0.185 9.78 20
0.29 0.199 9.763 20
0.297 0.182 9.763 21
0.282 0.168 9.765 20
0.285 0.182 9.77 20
0.29 0.173 9.768 20
0.287 0.187 9.77 20
0.282 0.182 9.761 20
0.249 0.178 9.775 21
0.246 0.18 9.763 20
0.225 0.197 9.749 20
0.227 0.187 9.753 20
0.213 0.182 9.761 20
0.182 0.166 9.775 20
0.175 0.187 9.77 20
0.16 0.189 9.77 21
0.139 0.18 9.765 20
0.143 0.178 9.77 20
0.117 0.187 9.785 20
0.108 0.192 9.765 20
0.108 0.204 9.765 20
0.088 0.189 9.758 20
0.081 0.189 9.768 21
0.074 0.204 9.775 20
0.069 0.194 9.775 20
0.057 0.197 9.761 20
0.076 0.185 9.758 20
0.067 0.185 9.761 20
0.084 0.194 9.765 21
0.084 0.192 9.765 20
0.093 0.197 9.742 20
0.105 0.185 9.773 20
0.115 0.194 9.768 20
0.124 0.182 9.763 20
0.139 0.185 9.765 20
0.158 0.187 9.761 21
0.175 0.185 9.77 20
0.179 0.189 9.761 20
0.206 0.187 9.768 20
0.208 0.185 9.773 20
0.208 0.197 9.773 20
0.239 0.18 9.768 20
0.249 0.187 9.765 21
0.244 0.194 9.768 20
0.263 0.18 9.753 20
0.268 0.17 9.773 20
0.268 0.187 9.77 20
0.278 0.194 9.765 20
0.285 0.185 9.761 21
0.261 0.13 9.763 20
0.184 0.084 9.753 20
0.112 0.067 9.77 20
0.127 0.163 9.773 20
0.184 0.309 9.773 20
0.163 0.257 9.775 20
0.148 0.283 9.758 21
0.249 0.237 9.753 20
0.337 0.192 9.765 20
0.28 0.211 9.773 20
0.223 0.192 9.77 20
0.22 0.168 9.761 20
0.206 0.247 9.763 20
0.179 0.252 9.765 21
0.16 0.209 9.773 20
0.132 0.187 9.746 20
0.153 0.182 9.751 20
0.189 0.163 9.758 20
0.163 0.189 9.753 20
0.115 0.158 9.775 21
0.117 0.13 9.765 20
0.093 0.156 9.775 20
0.12 0.182 9.765 20
0.115 0.146 9.765 20
0.084 0.125 9.77 20
0.086 0.144 9.773 20
0.124 0.154 9.768 21
0.12 0.168 9.753 20
0.11 0.168 9.751 20
0.112 0.156 9.765 20
0.093 0.204 9.768 20
0.129 0.206 9.77 20
0.148 0.194 9.785 20
0.136 0.199 9.77 21
0.122 0.213 9.765 20
0.146 0.225 9.775 20
0.17 0.24 9.77 20
0.179 0.209 9.775 20
0.177 0.216 9.775 20
0.187 0.218 9.78 21
0.199 0.206 9.758 20
0.225 0.218 9.777 20
0.232 0.201 9.758 20
0.206 0.173 9.765 20
0.232 0.204 9.794 20
0.325 0.261 9.751 20
0.33 0.122 9.751 21
0.244 0.113 9.777 20
0.249 0.149 9.761 20
0.285 0.127 9.763 20
0.182 0.199 9.758 20
0.134 0.168 9.751 20
0.191 0.127 9.758 21
0.17 0.197 9.773 20
0.191 0.158 9.787 20
0.234 0.089 9.768 20

# Completed @Mon Jul 31 19:49:10 GMT+08:00 2017
