0.443 0.271 9.78 0
0.483 0.005 9.789 20
0.539 0.017 9.751 20
0.416 0.237 9.792 20
0.519 0.02 9.789 20
0.596 -0.035 9.761 20
0.445 0.213 9.792 20
0.476 0.113 9.777 20
0.551 -0.015 9.782 21
0.476 0.187 9.77 20
0.5 0.216 9.775 20
0.522 0.084 9.78 20
0.464 0.194 9.768 20
0.498 0.266 9.753 20
0.505 0.182 9.761 20
0.455 0.204 9.77 21
0.462 0.295 9.785 20
0.491 0.252 9.785 20
0.46 0.209 9.775 20
0.443 0.292 9.785 20
0.455 0.292 9.775 20
0.424 0.223 9.773 20
0.416 0.228 9.749 21
0.44 0.28 9.782 20
0.424 0.23 9.775 20
0.4 0.173 9.785 20
0.412 0.197 9.78 20
0.421 0.182 9.773 20
0.433 0.137 9.782 20
0.402 0.151 9.77 21
0.378 0.156 9.765 20
0.39 0.094 9.773 20
0.431 0.101 9.765 20
0.438 0.12 9.775 20
0.414 0.101 9.78 20
0.409 0.079 9.768 20
0.426 0.125 9.777 21
0.455 0.13 9.768 20
0.45 0.103 9.792 20
0.428 0.161 9.78 20
0.412 0.185 9.768 20
0.467 0.156 9.761 20
0.491 0.197 9.775 20
0.479 0.213 9.782 21
0.469 0.199 9.785 20
0.488 0.209 9.792 20
0.503 0.235 9.78 20
0.479 0.264 9.773 20
0.452 0.242 9.761 20
0.5 0.216 9.775 20
0.551 0.259 9.78 21
0.476 0.257 9.792 20
0.369 0.228 9.782 20
0.354 0.209 9.761 20
0.412 0.194 9.761 20
0.596 0.132 9.715 20
0.641 0.063 9.727 20
0.541 -0.097 9.782 21
0.606 -0.015 9.665 20
0.871 0.228 9.576 20
1.178 0.087 9.67 20
1.544 -0.039 9.533 20
1.645 0.134 9.811 20
1.76 0.118 9.239 20
2.303 -0.109 9.871 20
2.815 0.189 9.526 21
2.765 0.199 9.662 20
3.074 -0.025 9.933 20
3.311 0.075 9.617 20
3.455 0.393 9.971 20
3.917 0.441 9.572 20
3.661 0.764 10.268 20
4.101 0.807 10.053 21
4.367 0.592 9.765 20
4.733 0.307 9.832 20
4.827 0.379 11.659 20
4.721 1.001 9.825 20
3.189 1.09 10.402 20
3.752 -0.133 10.527 20
4.127 0.604 9.413 21
2.926 0.932 9.761 20
2.358 0.333 9.995 20
8.437 -1.414 7.979 20
-0.83 -0.36 7.931 20
-8.151 1.09 8.446 20
-6.033 -0.284 9.722 20
0.184 -1.09 8.808 21
0.534 0.225 8.264 20
-5.597 -0.044 9.27 20
-9.025 -1.598 10.754 20
-7.531 -0.894 11.037 20
-4.778 0.082 10.012 20
-3.555 -0.918 9.665 20
-7.692 -0.736 10.618 21
-10.091 0.204 11.815 20
-7.012 -0.284 11.18 20
-4.407 0.031 10.273 20
-5.151 0.865 10.182 20
-6.882 0.788 10.737 20
-6.811 0.714 10.802 20
-4.124 0.819 9.852 21
-1.886 1.147 9.284 20
-3.035 1.341 9.457 20
-4.285 1.152 9.555 20
-2.535 0.824 9.155 20
-0.03 0.774 8.657 20
1.159 0.932 8.892 20
0.218 0.752 8.916 21
-0.327 0.304 8.798 20
1.642 0.063 8.997 20
4.039 0.005 9.1 20
5.174 0.223 9.413 20
3.965 0.158 9.287 20
3.433 -0.09 9.181 20
4.774 -0.341 9.646 21
6.131 -0.166 10.249 20
6.378 0.185 10.39 20
5.638 0.02 10.165 20
5.035 -0.281 9.928 20
5.279 -0.312 10.196 20
6.299 -0.312 10.675 20
6.524 0.118 10.714 21
5.777 0.008 10.352 20
4.841 0.046 9.969 20
4.781 0.388 10.065 20
5.353 0.431 10.335 20
5.229 0.419 10.213 20
4.276 0.434 9.773 20
3.036 0.687 9.363 21
2.557 0.611 9.306 20
2.6 0.407 9.447 20
2.2 0.403 9.344 20
1.049 0.537 9.232 20
-0.078 0.398 9.129 20
-0.725 0.486 9.2 20
-0.761 0.386 9.315 21
-0.705 0.106 9.361 20
-1.637 0.369 9.378 20
-2.757 0.604 9.545 20
-2.932 0.551 9.684 20
-2.372 0.613 9.761 20
-1.984 0.632 9.732 20
-2.202 0.525 9.792 20
-2.997 0.369 9.94 21
-3.382 0.264 10.144 20
-3.385 0.075 10.137 20
-3.382 -0.116 10.096 20
-3.612 -0.104 10.12 20
-3.935 -0.001 10.196 20
-3.691 -0.116 10.216 20
-3.576 -0.13 10.165 21
-3.459 -0.056 10.07 20
-3.162 0.154 9.967 20
-2.776 0.264 9.866 20
-2.089 0.29 9.737 20
-1.618 0.319 9.651 20
-1.342 0.264 9.591 20
-1.007 0.23 9.514 21
-0.423 0.297 9.435 20
0.218 0.357 9.423 20
0.651 0.266 9.454 20
0.778 0.125 9.392 20
1.013 0.187 9.392 20
1.784 0.237 9.521 20
2.092 0.314 9.56 21
2.092 0.359 9.588 20
2.119 0.268 9.576 20
2.454 0.312 9.607 20
3.026 0.345 9.751 20
3.479 0.369 9.914 20
3.598 0.343 9.964 20
3.596 0.221 9.926 21
3.661 0.221 9.935 20
4.039 0.249 10.036 20
4.393 0.158 10.141 20
4.314 0.108 10.144 20
3.895 0.036 10.041 20
3.692 0.008 9.976 20
3.744 0.084 9.988 21
3.895 0.029 10.005 20
3.524 0.005 9.909 20
2.801 0.055 9.744 20
2.351 -0.008 9.665 20
2.38 -0.037 9.636 20
2.301 -0.099 9.622 20
1.867 -0.118 9.562 21
1.187 -0.087 9.476 20
0.522 0.06 9.504 20
0.234 0.125 9.461 20
0.211 0.161 9.509 20
-0.014 0.273 9.516 20
-0.624 0.309 9.519 20
-1.261 0.355 9.603 21
-1.531 0.407 9.713 20
-1.507 0.446 9.72 20
-1.507 0.405 9.739 20
-1.962 0.331 9.801 20
-2.537 0.326 9.911 20
-2.769 0.343 9.988 20
-2.707 0.259 9.952 21
-2.628 0.125 9.969 20
-2.863 0.127 10.026 20
-3.112 0.28 10.084 20
-3.109 0.403 10.07 20
-2.729 0.371 9.976 20
-2.48 0.297 9.895 20
-2.48 0.266 9.911 21
-2.319 0.24 9.837 20
-1.814 0.197 9.734 20
-1.206 0.12 9.655 20
-0.751 0.005 9.629 20
-0.591 -0.025 9.588 20
-0.277 0.043 9.552 20
0.325 0.039 9.514 21
0.934 -0.051 9.569 20
1.326 -0.13 9.552 20
1.554 -0.027 9.612 20
1.733 0.11 9.564 20
1.877 0.132 9.636 20
2.293 0.091 9.698 20
2.722 0.154 9.753 20
2.928 0.084 9.797 21
2.926 0.091 9.801 20
2.854 0.283 9.828 20
3.017 0.302 9.873 20
3.27 0.178 9.952 20
3.299 0.213 9.971 20
3.124 0.352 9.9 21
3.029 0.312 9.895 20
3.031 0.259 9.945 20
3.029 0.288 9.933 20
2.923 0.245 9.902 20
2.801 0.197 9.847 20
2.552 0.312 9.787 20
2.31 0.206 9.749 20
2.107 0.063 9.732 21
1.817 0.108 9.708 20
1.487 0.13 9.648 20
1.168 0.036 9.619 20
0.723 0.096 9.646 20
0.34 0.156 9.622 20
0.024 0.096 9.627 20
-0.26 0.079 9.622 21
-0.461 0.122 9.629 20
-0.722 0.127 9.682 20
-1.038 0.144 9.706 20
-1.129 0.223 9.782 20
-1.067 0.228 9.773 20
-1.203 0.194 9.768 20
-1.359 0.221 9.811 21
-1.512 0.216 9.854 20
-1.517 0.168 9.864 20
-1.457 0.144 9.876 20
-1.436 0.137 9.878 20
-1.57 0.154 9.861 20
-1.663 0.211 9.895 20
-1.701 0.24 9.871 21
-1.534 0.245 9.866 20
-1.405 0.292 9.84 20
-1.29 0.364 9.797 20
-1.225 0.4 9.763 20
-0.959 0.362 9.742 20
-0.564 0.297 9.722 20
-0.282 0.225 9.686 21
-0.152 0.18 9.689 20
0.081 0.175 9.662 20
0.438 0.154 9.667 20
0.864 0.101 9.679 20
1.149 0.106 9.71 20
1.278 0.055 9.715 20
1.336 0.103 9.706 21
1.444 0.197 9.703 20
1.618 0.161 9.773 20
1.877 -0.015 9.737 20
2.009 0.031 9.844 20
2.056 0.103 9.761 20
2.037 0.122 9.821 20
2.145 0.087 9.83 21
2.243 0.187 9.854 20
2.277 0.154 9.852 20
2.217 0.146 9.823 20
2.114 0.197 9.818 20
2.27 0.192 9.868 20
2.169 0.45 9.832 20
2.203 0.075 9.825 21
2.107 -0.07 9.821 20
1.915 0.309 9.794 20
1.855 0.194 9.782 20
1.53 -0.001 9.763 20
1.168 0.288 9.718 20
1.025 0.345 9.751 20
0.902 0.046 9.73 21
0.658 0.13 9.696 20
0.325 0.352 9.691 20
0.088 0.154 9.689 20
-0.045 0.043 9.715 20
-0.236 0.273 9.727 20
-0.356 0.213 9.746 20
-0.471 0.036 9.722 21
-0.653 0.213 9.765 20
-0.717 0.3 9.787 20
-0.705 0.084 9.782 20
-0.756 0.034 9.792 20
-0.947 0.178 9.794 20
-0.928 0.087 9.813 20
-0.907 0.008 9.816 21
-0.93 0.144 9.818 20
-0.971 0.161 9.842 20
-1.017 0.072 9.835 20
-1.0 0.166 9.811 20
-0.952 0.257 9.787 20
-0.796 0.247 9.78 20
-0.691 0.254 9.777 21
-0.531 0.3 9.763 20
-0.313 0.23 9.753 20
-0.143 0.146 9.744 20
0.009 0.206 9.727 20
0.258 0.225 9.718 20
0.541 0.187 9.72 20
0.797 0.168 9.722 20
0.95 0.211 9.734 21
1.096 0.175 9.742 20
1.254 0.127 9.737 20
1.429 0.199 9.753 20
1.551 0.201 9.765 20
1.537 0.163 9.773 20
1.542 0.206 9.777 20
1.659 0.173 9.785 21
1.779 0.103 9.809 20
1.807 0.055 9.821 20
1.748 0.182 9.818 20
1.719 0.178 9.794 20
1.728 0.106 9.804 20
1.707 0.134 9.809 20
1.647 0.142 9.787 21
1.606 0.142 9.785 20
1.554 0.213 9.785 20
1.451 0.192 9.768 20
1.341 0.113 9.765 20
1.218 0.103 9.758 20
1.063 0.154 9.761 20
0.886 0.168 9.739 21
0.687 0.204 9.725 20
0.527 0.245 9.749 20
0.419 0.257 9.742 20
0.244 0.23 9.732 20
0.06 0.225 9.753 20
-0.054 0.192 9.761 20
-0.176 0.194 9.756 21
-0.212 0.178 9.751 20
-0.289 0.178 9.765 20
-0.399 0.206 9.761 20
-0.387 0.187 9.758 20
-0.392 0.199 9.773 20
-0.452 0.201 9.789 20
-0.449 0.154 9.797 21
-0.49 0.134 9.806 20
-0.49 0.127 9.804 20
-0.389 0.125 9.811 20
-0.44 0.13 9.801 20
-0.507 0.158 9.801 20
-0.497 0.168 9.794 20
-0.361 0.149 9.787 21
-0.267 0.18 9.785 20
-0.212 0.185 9.768 20
-0.109 0.17 9.758 20
0.069 0.158 9.758 20
0.261 0.168 9.742 20
0.409 0.149 9.739 20
0.541 0.17 9.749 21
0.673 0.187 9.763 20
0.835 0.168 9.768 20
0.958 0.187 9.751 20
1.053 0.187 9.775 20
1.142 0.204 9.773 20
1.204 0.216 9.777 20
1.271 0.233 9.77 21
1.329 0.199 9.768 20
1.353 0.173 9.78 20
1.365 0.175 9.78 20
1.365 0.173 9.797 20
1.36 0.17 9.794 20
1.345 0.187 9.782 20
1.331 0.18 9.801 21
1.295 0.166 9.797 20
1.245 0.17 9.785 20
1.228 0.206 9.797 20
1.228 0.173 9.801 20
1.147 0.132 9.77 20
0.998 0.173 9.756 20
0.905 0.149 9.768 21
0.811 0.125 9.751 20
0.68 0.182 9.761 20
0.546 0.192 9.753 20
0.445 0.175 9.751 20
0.333 0.197 9.765 20
0.223 0.185 9.765 20
0.134 0.149 9.768 21
0.057 0.142 9.777 20
-0.023 0.161 9.77 20
-0.112 0.168 9.782 20
-0.133 0.163 9.77 20
-0.14 0.209 9.768 20
-0.169 0.211 9.768 20
-0.174 0.194 9.789 21
-0.195 0.189 9.787 20
-0.203 0.144 9.775 20
-0.179 0.118 9.77 20
-0.167 0.132 9.782 20
-0.16 0.213 9.777 20
-0.186 0.211 9.761 20
-0.179 0.199 9.777 21
-0.14 0.197 9.789 20
-0.064 0.182 9.777 20
0.019 0.194 9.765 20
0.098 0.213 9.756 20
0.218 0.178 9.763 20
0.34 0.17 9.758 20
0.46 0.17 9.746 20
0.529 0.18 9.768 21
0.62 0.178 9.756 20
0.737 0.161 9.753 20
0.819 0.168 9.765 20
0.888 0.163 9.768 20
0.96 0.17 9.768 20
1.013 0.187 9.756 21
1.092 0.166 9.768 20
1.139 0.173 9.785 20
1.139 0.166 9.785 20
1.147 0.166 9.785 20
1.147 0.146 9.792 20
1.139 0.125 9.768 20
1.13 0.149 9.77 20
1.077 0.163 9.765 21
1.025 0.197 9.785 20
1.001 0.187 9.792 20
1.01 0.192 9.777 20
0.979 0.201 9.78 20
0.902 0.18 9.773 20
0.833 0.182 9.763 20
0.744 0.173 9.761 21
0.67 0.182 9.775 20
0.589 0.194 9.768 20
0.493 0.194 9.768 20
0.388 0.209 9.758 20
0.333 0.178 9.749 20
0.263 0.182 9.758 20
0.17 0.187 9.765 21
0.088 0.182 9.777 20
0.05 0.168 9.785 20
0.026 0.175 9.763 20
0.005 0.209 9.773 20
-0.011 0.182 9.777 20
-0.021 0.182 9.775 20
-0.033 0.168 9.787 21
-0.016 0.142 9.787 20
-0.014 0.13 9.782 20
-0.009 0.146 9.773 20
0.029 0.125 9.777 20
0.072 0.158 9.787 20
0.098 0.163 9.797 20
0.088 0.161 9.777 21
0.127 0.163 9.777 20
0.206 0.168 9.763 20
0.275 0.163 9.758 20
0.328 0.178 9.763 20
0.39 0.182 9.756 20
0.464 0.194 9.773 20
0.539 0.209 9.775 21
0.591 0.182 9.773 20
0.668 0.187 9.785 20
0.711 0.197 9.785 20
0.783 0.197 9.765 20
0.838 0.192 9.761 20
0.874 0.204 9.765 20
0.898 0.199 9.782 21
0.926 0.187 9.773 20
0.943 0.199 9.761 20
0.955 0.178 9.77 20
0.948 0.168 9.768 20
0.943 0.187 9.775 20
0.919 0.168 9.777 20
0.907 0.151 9.782 21
0.881 0.156 9.765 20
0.831 0.161 9.768 20
0.821 0.166 9.758 20
0.802 0.17 9.761 20
0.768 0.182 9.768 20
0.735 0.154 9.792 20
0.653 0.137 9.77 21
0.591 0.173 9.77 20
0.543 0.178 9.737 20
0.493 0.173 9.789 20
0.4 0.197 9.768 20
0.345 0.175 9.746 20
0.318 0.175 9.777 20
0.249 0.197 9.753 20
0.194 0.194 9.775 21
0.17 0.18 9.78 20
0.151 0.192 9.77 20
0.105 0.199 9.773 20
0.108 0.189 9.765 20
0.108 0.187 9.753 20
0.115 0.209 9.799 20
0.129 0.197 9.777 21
0.151 0.163 9.773 20
0.165 0.189 9.773 20
0.184 0.199 9.78 20
0.211 0.132 9.775 20
0.244 0.156 9.78 20
0.266 0.189 9.768 20
0.297 0.156 9.768 21
0.349 0.163 9.77 20
0.388 0.178 9.77 20
0.436 0.166 9.763 20
0.481 0.163 9.77 20
0.512 0.158 9.782 20
0.565 0.158 9.792 20
0.632 0.149 9.789 21
0.658 0.175 9.715 20
0.685 0.163 9.789 20
0.752 0.106 9.775 20
0.764 0.271 9.792 20
0.797 0.228 9.777 20
0.764 0.154 9.758 20
0.764 0.235 9.768 21
0.845 0.242 9.758 20
0.855 0.192 9.785 20
0.776 0.18 9.763 20
0.797 0.223 9.775 20
0.795 0.204 9.773 20
0.754 0.17 9.765 20
0.754 0.182 9.773 21
0.711 0.18 9.756 20
0.651 0.166 9.763 20
0.658 0.144 9.77 20
0.658 0.144 9.761 20
0.594 0.156 9.763 20
0.562 0.096 9.763 20
0.555 0.063 9.751 21
0.536 0.055 9.765 20
0.507 0.039 9.765 20
0.469 0.015 9.77 20
0.404 0.017 9.787 20
0.416 0.015 9.775 20
0.402 0.079 9.753 20
0.292 0.185 9.758 21
0.218 0.175 9.761 20
0.266 0.163 9.768 20
0.275 0.285 9.749 20
0.206 0.295 9.765 20
0.17 0.314 9.773 20
0.127 0.383 9.792 20
0.148 0.415 9.775 21
0.211 0.391 9.763 20
0.201 0.407 9.765 20
0.167 0.431 9.765 20
0.213 0.383 9.763 20
0.321 0.343 9.751 20
0.335 0.331 9.773 20
0.342 0.312 9.753 21
0.359 0.266 9.773 20
0.393 0.242 9.761 20
0.455 0.201 9.758 20
0.479 0.154 9.77 20
0.479 0.106 9.763 20
0.51 0.079 9.775 20
0.562 0.046 9.78 21
0.598 0.027 9.773 20
0.601 0.024 9.765 20
0.632 0.027 9.777 20
0.658 0.055 9.78 20
0.653 0.139 9.758 20
0.613 0.175 9.765 20
0.625 0.108 9.763 21
0.677 0.127 9.785 20
0.749 0.149 9.773 20
0.737 0.156 9.765 20
0.697 0.17 9.775 20
0.689 0.204 9.77 20
0.687 0.218 9.777 20
0.706 0.204 9.785 21
0.713 0.173 9.777 20
0.68 0.163 9.77 20
0.665 0.182 9.756 20
0.656 0.206 9.775 20
0.641 0.197 9.782 20
0.627 0.163 9.777 20
0.598 0.132 9.765 21
0.591 0.151 9.787 20
0.555 0.175 9.768 20
0.467 0.211 9.763 20
0.436 0.206 9.782 20
0.472 0.211 9.777 20
0.455 0.247 9.758 20
0.383 0.233 9.777 21
0.323 0.233 9.77 20
0.313 0.259 9.763 20
0.313 0.276 9.761 20
0.309 0.245 9.765 20
0.27 0.257 9.763 20
0.213 0.268 9.785 20
0.242 0.235 9.768 21
0.261 0.209 9.77 20
0.268 0.237 9.761 20
0.249 0.233 9.756 20
0.263 0.206 9.765 20
0.297 0.197 9.768 20
0.335 0.18 9.775 20
0.328 0.142 9.77 21
0.33 0.156 9.765 20
0.376 0.156 9.78 20
0.436 0.125 9.768 20
0.462 0.12 9.777 20
0.474 0.139 9.785 20
0.486 0.137 9.775 20
0.534 0.13 9.768 21
0.574 0.139 9.768 20
0.598 0.161 9.773 20
0.603 0.163 9.768 20
0.625 0.161 9.768 20
0.656 0.173 9.768 20
0.685 0.194 9.773 20
0.673 0.199 9.78 21
0.677 0.199 9.787 20
0.685 0.23 9.787 20
0.709 0.225 9.768 20
0.711 0.233 9.775 20
0.711 0.24 9.78 20
0.687 0.228 9.77 20
0.682 0.223 9.78 21
0.67 0.24 9.789 20
0.632 0.218 9.777 20
0.608 0.209 9.78 20
0.591 0.194 9.775 20
0.567 0.201 9.751 20
0.553 0.209 9.761 20
0.531 0.194 9.789 21
0.483 0.185 9.777 20
0.464 0.175 9.77 20
0.457 0.154 9.785 20
0.433 0.151 9.768 20
0.388 0.158 9.742 20
0.373 0.156 9.77 20
0.357 0.144 9.746 21
0.347 0.146 9.756 20
0.323 0.161 9.792 20
0.297 0.156 9.789 20
0.292 0.154 9.77 20
0.309 0.18 9.77 20
0.302 0.187 9.765 20
0.292 0.197 9.761 21
0.287 0.192 9.777 20
0.316 0.194 9.765 20
0.342 0.225 9.765 20
0.359 0.216 9.763 20
0.385 0.242 9.78 20
0.409 0.233 9.777 20
0.412 0.223 9.763 20
0.428 0.235 9.746 21
0.481 0.223 9.749 20
0.495 0.235 9.782 20
0.507 0.213 9.775 20
0.536 0.223 9.753 20
0.567 0.218 9.763 20
0.584 0.197 9.77 20
0.598 0.189 9.763 21
0.613 0.18 9.765 20
0.62 0.199 9.78 20
0.637 0.18 9.765 20
0.646 0.178 9.773 20
0.663 0.168 9.768 20
0.663 0.161 9.763 20
0.658 0.158 9.78 21
0.649 0.156 9.77 20
0.644 0.151 9.775 20
0.641 0.144 9.777 20
0.632 0.151 9.768 20
0.608 0.17 9.78 20
0.598 0.17 9.768 20
0.577 0.175 9.78 21
0.555 0.178 9.782 20
0.551 0.187 9.765 20
0.531 0.194 9.765 20
0.491 0.204 9.773 20
0.481 0.223 9.765 20
0.464 0.221 9.758 20
0.438 0.228 9.77 21
0.428 0.233 9.758 20
0.393 0.233 9.777 20
0.371 0.218 9.777 20
0.385 0.211 9.763 20
0.357 0.221 9.782 20
0.349 0.225 9.775 20
0.33 0.211 9.756 21
0.325 0.206 9.756 20
0.335 0.209 9.775 20
0.335 0.189 9.775 20
0.328 0.18 9.765 20
0.342 0.194 9.78 20
0.364 0.175 9.78 20
0.383 0.185 9.775 21
0.383 0.168 9.775 20
0.4 0.175 9.753 20
0.428 0.17 9.773 20
0.452 0.17 9.77 20
0.469 0.18 9.756 20
0.486 0.178 9.78 20
0.512 0.168 9.785 21
0.515 0.18 9.77 20
0.541 0.182 9.77 20
0.56 0.199 9.775 20
0.577 0.211 9.773 20
0.584 0.194 9.768 20
0.601 0.204 9.787 20
0.608 0.206 9.789 21
0.62 0.206 9.768 20
0.606 0.211 9.763 20
0.62 0.216 9.765 20
0.641 0.223 9.777 20
0.613 0.209 9.77 20
0.61 0.201 9.756 20
0.61 0.201 9.775 21
0.594 0.194 9.765 20
0.582 0.199 9.777 20
0.586 0.175 9.761 20
0.565 0.175 9.777 20
0.541 0.187 9.768 20
0.522 0.175 9.775 20
0.507 0.185 9.789 21
0.51 0.175 9.77 20
0.462 0.168 9.768 20
0.455 0.17 9.77 20
0.464 0.168 9.761 20
0.433 0.182 9.763 20
0.404 0.189 9.758 20
0.395 0.178 9.77 21
0.397 0.182 9.761 20
0.393 0.18 9.768 20
0.376 0.178 9.761 20
0.366 0.199 9.765 20
0.373 0.197 9.777 20
0.378 0.187 9.789 20
0.373 0.189 9.765 21
0.364 0.187 9.77 20
0.369 0.218 9.758 20
0.388 0.216 9.777 20
0.426 0.197 9.785 20
0.419 0.209 9.777 20
0.44 0.201 9.775 20
0.46 0.211 9.77 21
0.472 0.209 9.765 20
0.467 0.204 9.768 20
0.483 0.199 9.765 20
0.503 0.194 9.761 20
0.527 0.201 9.773 20
0.536 0.197 9.773 20
0.541 0.194 9.753 21
0.543 0.185 9.768 20
0.565 0.18 9.775 20
0.565 0.178 9.78 20
0.586 0.18 9.768 20
0.606 0.168 9.761 20
0.596 0.163 9.768 20
0.601 0.175 9.763 21
0.603 0.161 9.777 20
0.594 0.163 9.773 20
0.601 0.178 9.777 20
0.577 0.192 9.758 20
0.572 0.18 9.775 20
0.565 0.182 9.763 20
0.551 0.194 9.765 21
0.531 0.209 9.768 20
0.527 0.192 9.773 20
0.505 0.189 9.777 20
0.5 0.199 9.758 20
0.503 0.204 9.765 20
0.483 0.213 9.768 20
0.469 0.206 9.763 21
0.455 0.199 9.758 20
0.443 0.201 9.773 20
0.431 0.197 9.78 20
0.419 0.204 9.77 20
0.419 0.197 9.763 20
0.412 0.197 9.775 20
0.404 0.192 9.761 21
0.39 0.187 9.77 20
0.397 0.185 9.775 20
0.409 0.185 9.775 20
0.402 0.187 9.775 20
0.385 0.194 9.777 20
0.407 0.18 9.765 20
0.426 0.166 9.753 21
0.436 0.178 9.782 20
0.44 0.175 9.773 20
0.462 0.185 9.777 20
0.464 0.185 9.773 20
0.469 0.194 9.773 20
0.479 0.199 9.765 20
0.481 0.189 9.761 20
0.512 0.187 9.768 21
0.512 0.185 9.768 20
0.529 0.189 9.78 20
0.543 0.192 9.78 20
0.543 0.209 9.768 20
0.553 0.218 9.782 20
0.562 0.199 9.77 21
0.57 0.192 9.775 20
0.577 0.197 9.782 20
0.574 0.213 9.773 20
0.57 0.213 9.777 20
0.551 0.201 9.782 20
0.567 0.204 9.765 20
0.579 0.185 9.765 21
0.565 0.189 9.763 20
0.551 0.194 9.77 20
0.548 0.206 9.751 20
0.529 0.185 9.758 20
0.527 0.187 9.78 20
0.517 0.189 9.77 20
0.51 0.175 9.768 21
0.491 0.166 9.77 20
0.476 0.163 9.761 20
0.476 0.194 9.777 20
0.476 0.189 9.773 20
0.457 0.178 9.758 20
0.438 0.178 9.753 20
0.448 0.185 9.763 21
0.438 0.182 9.78 20
0.426 0.187 9.782 20
0.409 0.192 9.78 20
0.402 0.192 9.765 20
0.407 0.204 9.765 20
0.436 0.206 9.763 20
0.421 0.194 9.768 21
0.404 0.199 9.777 20
0.431 0.213 9.806 20
0.457 0.34 9.758 20
0.462 0.386 9.696 20
0.479 0.185 9.844 20
0.486 0.146 9.797 20
0.419 0.166 9.775 21
0.5 0.075 9.775 20
0.515 0.161 9.785 20
0.426 0.218 9.77 20
0.491 0.063 9.765 20
0.534 0.06 9.758 20
0.476 0.161 9.777 20
0.529 0.096 9.77 20
0.572 0.082 9.77 21
0.507 0.194 9.775 20
0.536 0.187 9.765 20
0.555 0.137 9.758 20
0.505 0.225 9.777 20
0.551 0.213 9.785 20
0.579 0.166 9.765 20
0.546 0.257 9.775 21
0.555 0.273 9.78 20
0.555 0.225 9.773 20
0.519 0.261 9.782 20
0.539 0.268 9.768 20
0.541 0.254 9.787 20
0.522 0.252 9.761 20
0.536 0.268 9.777 21
0.522 0.235 9.765 20
0.507 0.216 9.77 20
0.5 0.213 9.782 20
0.493 0.206 9.775 20
0.481 0.161 9.761 20
0.483 0.175 9.773 20
0.479 0.173 9.777 21
0.455 0.178 9.775 20
0.455 0.122 9.765 20
0.45 0.146 9.773 20
0.443 0.144 9.773 20
0.438 0.115 9.782 20
0.438 0.134 9.761 20
0.407 0.144 9.777 21
0.436 0.134 9.787 20
0.44 0.151 9.777 20
0.419 0.18 9.785 20
0.445 0.175 9.775 20
0.46 0.182 9.775 20
0.44 0.206 9.768 20
0.46 0.204 9.773 21
0.452 0.223 9.77 20
0.46 0.245 9.777 20
0.483 0.245 9.77 20
0.488 0.216 9.789 20
0.479 0.254 9.787 20
0.481 0.245 9.773 20
0.483 0.235 9.758 21
0.51 0.23 9.765 20
0.524 0.23 9.775 20
0.522 0.225 9.77 20
0.503 0.228 9.765 20
0.534 0.204 9.78 20
0.522 0.192 9.773 20
0.529 0.194 9.768 21
0.541 0.173 9.758 20
0.534 0.163 9.775 20
0.536 0.166 9.763 20
0.534 0.139 9.768 20
0.536 0.139 9.777 20
0.524 0.142 9.753 20
0.529 0.127 9.77 21
0.539 0.146 9.782 20
0.519 0.158 9.77 20
0.517 0.158 9.775 20
0.522 0.166 9.775 20
0.505 0.192 9.756 20
0.503 0.182 9.782 20
0.493 0.206 9.761 21
0.488 0.218 9.768 20
0.491 0.223 9.756 20
0.481 0.211 9.773 20
0.464 0.223 9.785 20
0.469 0.233 9.765 20
0.452 0.233 9.777 20
0.44 0.23 9.787 21
0.452 0.225 9.78 20
0.448 0.228 9.782 20
0.44 0.216 9.763 20
0.443 0.218 9.773 20
0.448 0.221 9.785 20
0.428 0.197 9.765 20
0.448 0.213 9.773 21
0.45 0.204 9.78 20
0.445 0.173 9.763 20
0.455 0.178 9.765 20
0.464 0.175 9.758 20
0.469 0.154 9.753 20
0.472 0.158 9.761 20
0.464 0.146 9.768 21
0.486 0.142 9.768 20
0.493 0.156 9.768 20
0.488 0.161 9.78 20
0.503 0.146 9.758 20
0.5 0.154 9.763 20
0.531 0.17 9.775 20
0.527 0.185 9.794 21
0.527 0.178 9.777 20
0.522 0.197 9.77 20
0.524 0.204 9.785 20
0.524 0.209 9.792 20
0.522 0.209 9.773 20
0.534 0.216 9.763 20
0.539 0.213 9.77 21
0.536 0.218 9.777 20
0.531 0.225 9.775 20
0.507 0.211 9.765 20
0.505 0.225 9.775 20
0.517 0.221 9.78 20
0.517 0.209 9.777 20
0.5 0.204 9.77 21
0.5 0.189 9.77 20
0.498 0.192 9.758 20
0.507 0.182 9.753 20
0.488 0.189 9.758 20
0.472 0.166 9.768 20
0.46 0.168 9.768 20
0.464 0.173 9.773 21
0.464 0.151 9.751 20
0.457 0.156 9.758 20
0.452 0.173 9.77 20
0.457 0.154 9.763 20
0.452 0.156 9.768 20
0.455 0.175 9.789 20
0.455 0.173 9.77 21
0.452 0.168 9.751 20
0.44 0.192 9.758 20
0.457 0.189 9.765 20
0.457 0.187 9.787 20
0.46 0.204 9.811 20
0.493 0.146 9.809 20
0.558 0.118 9.787 21
0.493 0.113 9.593 20
0.395 0.233 9.921 20
0.551 0.254 9.785 20
0.529 0.247 9.78 20
0.354 0.292 9.806 20
0.443 0.273 9.763 20
0.555 0.252 9.753 21
0.483 0.264 9.782 20
0.524 0.18 9.78 20
0.527 0.163 9.768 20
0.45 0.228 9.756 20
0.529 0.206 9.765 20
0.546 0.189 9.777 20
0.443 0.189 9.775 21
0.507 0.137 9.775 20
0.558 0.142 9.765 20
0.5 0.178 9.751 20
0.527 0.127 9.773 20
0.517 0.115 9.761 20
0.45 0.173 9.761 20
0.522 0.156 9.77 21
0.531 0.132 9.753 20
0.483 0.156 9.765 20
0.524 0.137 9.763 20
0.515 0.17 9.765 20
0.493 0.206 9.782 20
0.515 0.182 9.78 20
0.486 0.192 9.768 21
0.469 0.223 9.746 20
0.519 0.209 9.77 20
0.507 0.221 9.773 20
0.462 0.254 9.768 20
0.483 0.228 9.761 20
0.481 0.228 9.768 20
0.474 0.261 9.765 20
0.483 0.235 9.77 21
0.486 0.221 9.782 20
0.493 0.173 9.797 20
0.491 0.146 9.706 20
0.431 0.252 9.789 20
0.493 0.204 9.785 20
0.481 0.201 9.775 20
0.397 0.211 9.77 21
0.481 0.17 9.773 20
0.541 0.168 9.775 20
0.467 0.178 9.789 20
0.483 0.13 9.763 20
0.498 0.146 9.773 20

# Completed @Mon Jul 31 20:34:20 GMT+08:00 2017
