0.079 0.331 9.761 0
0.069 0.328 9.773 20
0.062 0.338 9.763 20
0.098 0.319 9.763 20
0.074 0.343 9.765 20
0.036 0.364 9.768 20
0.062 0.35 9.785 20
0.076 0.336 9.761 21
0.033 0.352 9.765 20
0.045 0.343 9.775 20
0.072 0.34 9.768 20
0.048 0.362 9.761 20
0.043 0.364 9.761 20
0.041 0.343 9.77 20
0.021 0.343 9.761 21
0.045 0.333 9.763 20
0.064 0.326 9.765 20
0.036 0.324 9.756 20
0.062 0.326 9.77 20
0.069 0.338 9.78 20
0.053 0.314 9.777 20
0.055 0.314 9.768 21
0.057 0.312 9.768 20
0.069 0.328 9.765 20
0.076 0.324 9.768 20
0.057 0.321 9.751 20
0.053 0.34 9.763 20
0.074 0.333 9.756 21
0.086 0.328 9.775 20
0.098 0.34 9.773 20
0.079 0.333 9.761 20
0.031 0.352 9.78 20
0.064 0.367 9.765 20
0.084 0.343 9.749 20
0.086 0.348 9.775 21
0.072 0.348 9.763 20
0.072 0.326 9.77 20
0.084 0.348 9.773 20
0.072 0.359 9.768 20
0.074 0.331 9.777 20
0.069 0.331 9.775 20
0.064 0.359 9.775 21
0.096 0.312 9.751 20
0.1 0.261 9.761 20
0.019 0.379 9.77 20
0.081 0.319 9.753 20
0.148 0.115 9.753 20
0.074 0.537 9.792 21
0.009 0.391 9.773 20
0.012 0.142 9.739 20
0.053 0.482 9.773 20
0.086 0.367 9.782 20
0.048 0.213 9.758 20
0.084 0.374 9.77 20
0.076 0.302 9.773 21
0.007 0.268 9.77 20
0.057 0.458 9.773 20
0.074 0.369 9.758 20
0.005 0.288 9.773 20
0.005 0.4 9.758 20
0.091 0.35 9.785 20
0.079 0.314 9.782 21
0.064 0.34 9.775 20
0.043 0.35 9.78 20
-0.014 0.369 9.756 20
0.024 0.367 9.77 20
0.098 0.309 9.751 20
0.129 0.338 9.768 20
0.091 0.371 9.746 21
0.036 0.302 9.763 20
-0.009 0.326 9.768 20
0.053 0.367 9.758 20
0.143 0.316 9.756 20
0.084 0.328 9.753 20
0.012 0.34 9.777 21
0.029 0.321 9.78 20
0.069 0.338 9.763 20
0.098 0.314 9.765 20
0.098 0.312 9.763 20
0.06 0.348 9.765 20
0.05 0.312 9.77 20
0.096 0.321 9.763 21
0.098 0.357 9.765 20
0.076 0.35 9.782 20
0.053 0.34 9.777 20
0.062 0.348 9.756 20
0.081 0.328 9.758 20
0.103 0.333 9.765 21
0.074 0.374 9.773 20
0.038 0.343 9.715 20
0.098 0.273 9.842 20
0.299 0.513 9.734 20
0.455 0.386 9.78 20
0.11 0.024 9.722 20
-0.14 0.252 9.696 21
0.486 0.194 9.739 20
0.026 0.18 9.679 20
-0.986 0.69 9.662 20
-0.842 0.525 9.844 20
-0.665 0.185 9.476 20
-0.591 0.762 9.722 20
-0.744 0.561 9.605 21
-1.484 0.278 9.897 20
-2.144 0.735 9.672 20
-1.802 0.367 9.61 20
-1.666 0.266 9.612 20
-2.319 0.776 9.507 20
-2.987 1.013 10.232 20
-3.425 0.577 9.818 21
-2.889 0.12 9.435 20
-2.173 0.465 9.653 20
-2.386 -0.24 10.239 20
-3.385 -0.013 9.753 20
-3.938 0.156 9.957 20
-3.679 -0.035 10.35 21
-2.834 -0.525 9.892 20
-1.759 -0.183 10.026 20
-2.594 -1.366 10.587 20
-6.636 1.073 9.081 20
-4.306 -1.983 8.726 20
6.543 -0.351 7.881 20
5.815 1.944 10.177 21
-0.454 -1.361 8.865 20
1.254 -0.916 8.887 20
4.561 2.105 9.294 20
5.971 0.539 10.113 20
7.0 -1.344 10.443 20
5.116 1.14 9.955 21
4.041 1.485 9.94 20
5.799 -0.765 10.567 20
7.894 0.953 11.08 20
6.663 1.674 10.888 20
3.878 0.723 9.981 20
3.871 1.533 9.967 20
5.679 1.964 10.79 21
6.067 0.441 10.793 20
3.984 0.604 9.888 20
3.424 0.972 9.619 20
3.701 0.652 9.782 20
3.419 0.331 9.844 20
3.122 0.3 9.586 20
1.657 0.115 9.136 21
0.175 -0.149 9.088 20
0.143 0.041 9.267 20
0.859 -0.037 9.26 20
-0.389 -0.391 9.126 20
-2.7 -0.566 9.198 20
-3.346 -0.061 9.481 20
-2.908 0.321 9.567 21
-2.736 -0.159 9.49 20
-2.75 -0.612 9.466 20
-3.351 -0.573 9.619 20
-4.323 -0.212 10.014 20
-3.669 -0.106 10.081 20
-2.712 0.008 9.854 21
-3.205 -0.03 9.897 20
-3.842 -0.262 9.907 20
-4.223 0.132 10.113 20
-4.622 0.86 10.283 20
-3.94 0.51 10.062 20
-3.669 0.302 9.864 20
-4.385 0.719 10.002 21
-4.115 0.585 9.974 20
-3.236 0.486 9.801 20
-2.745 0.697 9.665 20
-2.221 0.58 9.572 20
-1.845 0.592 9.481 20
-1.601 0.869 9.507 20
-0.557 0.668 9.385 21
0.706 0.271 9.38 20
1.295 0.434 9.382 20
1.47 0.534 9.531 20
1.614 0.407 9.473 20
1.939 0.312 9.586 20
2.349 0.369 9.631 21
2.382 0.197 9.653 20
1.863 0.07 9.859 20
1.645 -0.023 9.703 20
1.954 -0.152 9.797 20
2.519 -0.085 9.971 20
2.95 0.225 9.993 20
3.222 0.371 10.01 21
3.831 -0.051 10.137 20
4.039 0.201 10.785 20
4.391 0.283 10.0 20
3.922 0.142 10.024 20
3.376 0.482 10.017 20
3.426 0.398 10.055 20
2.839 0.283 9.983 21
1.846 0.64 9.746 20
1.302 0.683 9.682 20
1.199 0.46 9.727 20
1.254 0.462 9.67 20
0.867 0.51 9.588 20
0.596 0.458 9.624 21
0.524 0.755 9.598 20
0.591 0.74 9.698 20
0.744 0.496 9.526 20
0.361 0.417 9.495 20
-0.456 0.448 9.548 20
-0.933 0.405 9.595 20
-1.151 0.446 9.603 21
-1.347 0.386 9.658 20
-1.855 0.137 9.686 20
-2.525 0.02 9.732 20
-3.064 0.261 9.871 20
-3.227 0.357 9.854 20
-3.092 0.154 9.823 20
-3.064 0.06 9.868 21
-3.298 0.075 9.919 20
-3.205 -0.001 9.993 20
-2.707 0.024 9.897 20
-2.31 0.065 9.835 20
-2.049 -0.008 9.825 20
-2.101 0.043 9.828 20
-2.204 0.23 9.861 21
-1.989 0.223 9.73 20
-1.759 0.178 9.701 20
-1.852 0.3 9.607 20
-1.926 0.369 9.751 20
-1.831 0.436 9.61 20
-1.39 0.477 9.55 21
-0.78 0.501 9.567 20
-0.298 0.489 9.519 20
0.036 0.498 9.533 20
0.44 0.553 9.548 20
0.95 0.549 9.56 20
1.614 0.525 9.605 20
2.112 0.503 9.713 21
2.31 0.462 9.763 20
2.396 0.345 9.816 20
2.574 0.316 9.835 20
2.887 0.438 9.928 20
3.175 0.41 10.0 20
3.227 0.321 10.019 20
3.017 0.345 9.998 21
3.06 0.367 10.019 20
3.388 0.173 10.043 20
3.397 0.352 10.077 20
3.318 0.216 10.031 20
3.088 0.113 9.909 20
2.818 0.257 9.876 21
2.808 0.154 9.873 20
2.571 0.149 9.78 20
1.968 0.268 9.677 20
1.487 0.146 9.595 20
1.223 0.106 9.581 20
0.864 0.28 9.543 20
0.335 0.359 9.502 21
-0.236 0.324 9.514 20
-0.78 0.34 9.531 20
-1.165 0.391 9.552 20
-1.318 0.429 9.588 20
-1.632 0.515 9.603 20
-2.192 0.503 9.694 20
-2.642 0.348 9.758 21
-2.781 0.3 9.804 20
-2.932 0.479 9.84 20
-3.097 0.537 9.856 20
-3.231 0.4 9.897 20
-3.466 0.352 9.955 20
-3.586 0.362 10.0 21
-3.329 0.316 9.923 20
-3.088 0.326 9.876 20
-3.073 0.295 9.885 20
-2.973 0.13 9.861 20
-2.604 0.091 9.785 20
-2.132 0.218 9.703 20
-1.694 0.182 9.639 21
-1.395 0.127 9.615 20
-1.165 0.245 9.607 20
-0.737 0.295 9.574 20
-0.15 0.288 9.526 20
0.388 0.359 9.524 20
0.718 0.395 9.569 21
0.962 0.343 9.607 20
1.307 0.333 9.627 20
1.877 0.4 9.667 20
2.452 0.374 9.773 20
2.672 0.357 9.816 20
2.662 0.285 9.842 20
2.753 0.254 9.866 21
3.081 0.302 9.938 20
3.361 0.4 10.048 20
3.352 0.391 10.007 20
3.043 0.331 10.007 20
2.777 0.403 9.943 20
2.708 0.467 9.979 20
2.65 0.498 9.95 21
2.315 0.482 9.88 20
1.898 0.388 9.799 20
1.621 0.352 9.753 20
1.448 0.386 9.742 20
1.204 0.371 9.708 20
0.821 0.348 9.653 20
0.361 0.328 9.639 21
-0.006 0.297 9.631 20
-0.27 0.34 9.634 20
-0.569 0.352 9.627 20
-0.921 0.309 9.648 20
-1.215 0.24 9.674 20
-1.431 0.276 9.708 21
-1.529 0.326 9.715 20
-1.601 0.295 9.727 20
-1.694 0.206 9.746 20
-1.761 0.151 9.787 20
-1.783 0.211 9.823 20
-1.697 0.264 9.818 20
-1.646 0.283 9.809 21
-1.685 0.24 9.823 20
-1.721 0.182 9.818 20
-1.725 0.259 9.787 20
-1.689 0.331 9.84 20
-1.563 0.348 9.78 20
-1.479 0.333 9.763 20
-1.373 0.29 9.773 21
-1.175 0.3 9.753 20
-0.962 0.348 9.722 20
-0.715 0.383 9.715 20
-0.49 0.405 9.713 20
-0.318 0.398 9.694 20
-0.121 0.388 9.715 20
0.141 0.386 9.708 21
0.359 0.405 9.718 20
0.481 0.453 9.727 20
0.543 0.441 9.725 20
0.572 0.431 9.77 20
0.713 0.443 9.785 20
0.792 0.405 9.72 21
0.881 0.395 9.777 20
0.955 0.333 9.773 20
1.108 0.204 9.785 20
1.298 0.163 9.777 20
1.479 0.139 9.792 20
1.515 0.235 9.828 20
1.489 0.273 9.84 21
1.518 0.259 9.849 20
1.535 0.295 9.83 20
1.527 0.292 9.813 20
1.451 0.292 9.832 20
1.326 0.324 9.816 20
1.151 0.292 9.742 20
1.01 0.314 9.794 21
0.902 0.376 9.753 20
0.826 0.371 9.761 20
0.74 0.35 9.768 20
0.634 0.326 9.746 20
0.589 0.328 9.765 20
0.541 0.321 9.753 21
0.44 0.326 9.751 20
0.244 0.333 9.725 20
0.009 0.331 9.698 20
-0.181 0.34 9.722 20
-0.339 0.352 9.706 20
-0.476 0.379 9.73 20
-0.691 0.374 9.742 21
-0.863 0.381 9.753 20
-0.993 0.417 9.758 20
-1.122 0.427 9.761 20
-1.194 0.379 9.773 20
-1.268 0.328 9.775 20
-1.364 0.328 9.777 20
-1.395 0.302 9.777 21
-1.335 0.261 9.792 20
-1.316 0.221 9.794 20
-1.333 0.206 9.789 20
-1.378 0.216 9.806 20
-1.393 0.259 9.765 20
-1.354 0.288 9.775 20
-1.268 0.295 9.753 21
-1.134 0.268 9.756 20
-1.053 0.278 9.744 20
-0.892 0.28 9.727 20
-0.686 0.285 9.708 20
-0.456 0.309 9.72 20
-0.241 0.29 9.708 21
-0.021 0.276 9.72 20
0.266 0.237 9.706 20
0.567 0.209 9.691 20
0.732 0.393 9.737 20
0.979 0.381 9.756 20
1.147 0.376 9.768 20
1.333 0.458 9.787 21
1.568 0.422 9.809 20
1.724 0.434 9.852 20
1.831 0.429 9.854 20
1.965 0.369 9.876 20
2.061 0.364 9.883 20
2.059 0.376 9.876 20
2.052 0.383 9.878 21
1.968 0.395 9.849 20
1.848 0.391 9.844 20
1.724 0.374 9.84 20
1.554 0.376 9.792 20
1.312 0.371 9.763 20
1.108 0.321 9.749 20
0.879 0.268 9.732 21
0.627 0.271 9.71 20
0.345 0.264 9.684 20
0.014 0.257 9.682 20
-0.274 0.252 9.701 20
-0.523 0.237 9.698 20
-0.703 0.216 9.708 21
-0.947 0.297 9.706 20
-1.191 0.357 9.708 20
-1.366 0.381 9.737 20
-1.519 0.367 9.775 20
-1.661 0.34 9.775 20
-1.716 0.312 9.787 20
-1.747 0.304 9.799 21
-1.785 0.348 9.799 20
-1.754 0.295 9.816 20
-1.656 0.252 9.813 20
-1.601 0.273 9.782 20
-1.503 0.285 9.782 20
-1.357 0.316 9.756 20
-1.179 0.333 9.744 21
-0.962 0.297 9.739 20
-0.751 0.302 9.725 20
-0.586 0.328 9.73 20
-0.392 0.345 9.718 20
-0.157 0.355 9.71 20
0.086 0.369 9.718 21
0.304 0.369 9.694 20
0.529 0.364 9.722 20
0.682 0.367 9.751 20
0.888 0.348 9.756 20
1.113 0.352 9.761 20
1.257 0.34 9.787 20
1.326 0.345 9.809 21
1.405 0.326 9.809 20
1.482 0.331 9.816 20
1.554 0.336 9.825 20
1.549 0.29 9.847 20
1.491 0.266 9.821 20
1.398 0.302 9.823 20
1.329 0.314 9.821 21
1.24 0.336 9.816 20
1.104 0.352 9.782 20
0.941 0.331 9.787 20
0.804 0.338 9.785 20
0.682 0.367 9.77 20
0.546 0.324 9.758 20
0.39 0.304 9.749 21
0.187 0.331 9.753 20
0.021 0.319 9.749 20
-0.102 0.321 9.746 20
-0.234 0.328 9.737 20
-0.346 0.29 9.744 20
-0.471 0.245 9.758 21
-0.559 0.266 9.756 20
-0.61 0.326 9.739 20
-0.66 0.319 9.739 20
-0.693 0.362 9.761 20
-0.713 0.379 9.77 20
-0.729 0.35 9.777 20
-0.729 0.352 9.773 21
-0.722 0.352 9.806 20
-0.744 0.307 9.751 20
-0.674 0.326 9.782 20
-0.681 0.336 9.768 20
-0.646 0.3 9.768 20
-0.619 0.259 9.763 20
-0.571 0.259 9.777 21
-0.488 0.264 9.761 20
-0.423 0.273 9.749 20
-0.344 0.288 9.77 20
-0.277 0.283 9.761 20
-0.198 0.278 9.751 20
-0.131 0.326 9.746 20
-0.095 0.359 9.761 21
-0.04 0.359 9.758 20
0.017 0.367 9.734 20
0.072 0.395 9.742 20
0.11 0.359 9.751 20
0.172 0.386 9.753 20
0.249 0.398 9.718 21
0.292 0.321 9.737 20
0.397 0.304 9.758 20
0.476 0.292 9.794 20
0.562 0.206 9.78 20
0.601 0.285 9.78 20
0.637 0.324 9.792 20
0.701 0.333 9.787 21
0.716 0.371 9.777 20
0.768 0.357 9.787 20
0.802 0.336 9.787 20
0.792 0.328 9.773 20
0.816 0.312 9.806 20
0.802 0.314 9.789 20
0.754 0.338 9.777 21
0.742 0.338 9.782 20
0.704 0.333 9.782 20
0.661 0.336 9.77 20
0.622 0.336 9.768 20
0.567 0.326 9.789 20
0.481 0.314 9.77 21
0.369 0.309 9.763 20
0.282 0.302 9.753 20
0.127 0.316 9.773 20
0.012 0.297 9.751 20
-0.104 0.324 9.727 20
-0.212 0.326 9.758 20
-0.334 0.331 9.744 21
-0.461 0.333 9.734 20
-0.574 0.333 9.765 20
-0.677 0.336 9.77 20
-0.713 0.314 9.761 20
-0.763 0.326 9.763 20
-0.832 0.343 9.773 20
-0.892 0.338 9.775 21
-0.928 0.348 9.753 20
-0.921 0.359 9.761 20
-0.892 0.324 9.775 20
-0.887 0.314 9.763 20
-0.883 0.312 9.77 20
-0.792 0.283 9.761 21
-0.681 0.288 9.758 20
-0.6 0.309 9.742 20
-0.523 0.276 9.742 20
-0.387 0.254 9.734 20
-0.243 0.278 9.734 20
-0.095 0.278 9.746 20
0.067 0.288 9.756 21
0.191 0.319 9.758 20
0.337 0.336 9.749 20
0.517 0.34 9.763 20
0.706 0.348 9.768 20
0.833 0.34 9.777 20
0.943 0.319 9.782 20
1.044 0.338 9.801 21
1.135 0.35 9.794 20
1.221 0.359 9.792 20
1.25 0.352 9.799 20
1.233 0.348 9.797 20
1.216 0.371 9.792 20
1.19 0.374 9.811 21
1.13 0.369 9.799 20
1.02 0.376 9.792 20
0.874 0.359 9.787 20
0.761 0.355 9.785 20
0.646 0.359 9.763 20
0.529 0.333 9.761 20
0.359 0.314 9.756 21
0.163 0.312 9.744 20
0.002 0.295 9.737 20
-0.145 0.288 9.742 20
-0.279 0.278 9.756 20
-0.397 0.266 9.753 20
-0.547 0.29 9.751 20
-0.653 0.292 9.753 21
-0.727 0.285 9.744 20
-0.77 0.278 9.749 20
-0.842 0.29 9.768 20
-0.902 0.312 9.761 20
-0.926 0.324 9.758 20
-0.921 0.314 9.765 20
-0.851 0.292 9.765 21
-0.789 0.288 9.768 20
-0.768 0.312 9.758 20
-0.715 0.321 9.756 20
-0.629 0.307 9.758 20
-0.504 0.316 9.746 20
-0.409 0.319 9.746 21
-0.327 0.338 9.773 20
-0.234 0.357 9.758 20
-0.128 0.338 9.725 20
0.009 0.331 9.734 20
0.141 0.338 9.739 20
0.237 0.352 9.751 20
0.352 0.345 9.761 21
0.452 0.367 9.765 20
0.558 0.343 9.775 20
0.613 0.35 9.758 20
0.646 0.348 9.768 20
0.685 0.328 9.794 20
0.737 0.336 9.782 20
0.776 0.304 9.775 21
0.759 0.29 9.78 20
0.742 0.29 9.775 20
0.713 0.302 9.78 20
0.701 0.302 9.816 20
0.661 0.304 9.785 20
0.584 0.312 9.775 20
0.529 0.328 9.794 21
0.467 0.307 9.761 20
0.424 0.316 9.777 20
0.371 0.309 9.77 20
0.266 0.314 9.775 20
0.201 0.314 9.78 20
0.124 0.309 9.753 21
0.062 0.3 9.751 20
0.005 0.309 9.77 20
-0.083 0.324 9.77 20
-0.116 0.316 9.742 20
-0.152 0.321 9.777 20
-0.172 0.314 9.777 20
-0.217 0.348 9.746 21
-0.253 0.35 9.761 20
-0.286 0.348 9.746 20
-0.279 0.367 9.773 20
-0.298 0.348 9.777 20
-0.32 0.345 9.751 20
-0.339 0.333 9.77 21
-0.342 0.307 9.77 20
-0.332 0.326 9.763 20
-0.339 0.295 9.763 20
-0.342 0.271 9.758 20
-0.332 0.273 9.773 20
-0.296 0.283 9.763 20
-0.284 0.302 9.77 21
-0.274 0.324 9.761 20
-0.267 0.321 9.763 20
-0.229 0.328 9.761 20
-0.207 0.336 9.768 20
-0.184 0.34 9.758 20
-0.155 0.321 9.751 20
-0.116 0.328 9.768 21
-0.061 0.326 9.761 20
-0.016 0.302 9.777 20
0.031 0.288 9.765 20
0.081 0.292 9.758 20
0.153 0.29 9.753 20
0.203 0.336 9.751 20
0.258 0.336 9.765 21
0.311 0.343 9.77 20
0.364 0.355 9.765 20
0.44 0.352 9.768 20
0.483 0.348 9.777 20
0.541 0.333 9.794 20
0.577 0.312 9.785 21
0.589 0.319 9.794 20
0.615 0.307 9.78 20
0.613 0.333 9.785 20
0.601 0.338 9.78 20
0.601 0.328 9.78 20
0.589 0.314 9.765 20
0.548 0.338 9.765 21
0.503 0.331 9.799 20
0.457 0.319 9.782 20
0.395 0.338 9.765 20
0.337 0.324 9.756 20
0.261 0.309 9.763 20
0.158 0.324 9.761 20
0.064 0.326 9.737 21
-0.016 0.312 9.77 20
-0.114 0.285 9.785 20
-0.21 0.283 9.765 20
-0.274 0.309 9.758 20
-0.32 0.321 9.746 20
-0.377 0.316 9.758 21
-0.466 0.316 9.753 20
-0.521 0.321 9.773 20
-0.559 0.316 9.78 20
-0.591 0.328 9.758 20
-0.602 0.336 9.773 20
-0.598 0.321 9.768 20
-0.593 0.319 9.763 21
-0.559 0.304 9.763 20
-0.531 0.312 9.756 20
-0.471 0.316 9.751 20
-0.423 0.324 9.768 20
-0.332 0.326 9.765 20
-0.274 0.333 9.763 20
-0.198 0.338 9.749 21
-0.114 0.321 9.758 20
-0.018 0.309 9.768 20
0.079 0.34 9.768 20
0.179 0.348 9.758 20
0.27 0.333 9.763 20
0.381 0.333 9.756 21
0.469 0.326 9.765 20
0.527 0.336 9.777 20
0.596 0.333 9.78 20
0.663 0.324 9.787 20
0.692 0.314 9.777 20
0.721 0.309 9.777 20
0.725 0.307 9.785 21
0.73 0.312 9.801 20
0.701 0.328 9.806 20
0.663 0.314 9.794 20
0.618 0.324 9.792 20
0.574 0.336 9.77 20
0.505 0.324 9.756 20
0.433 0.331 9.777 21
0.352 0.338 9.768 20
0.263 0.326 9.773 20
0.167 0.302 9.773 20
0.088 0.328 9.756 20
0.017 0.321 9.753 20
-0.078 0.316 9.749 20
-0.16 0.328 9.746 21
-0.222 0.307 9.761 20
-0.277 0.328 9.761 20
-0.339 0.319 9.749 20
-0.365 0.316 9.753 20
-0.409 0.321 9.749 20
-0.444 0.321 9.763 21
-0.447 0.314 9.768 20
-0.452 0.307 9.761 20
-0.44 0.304 9.753 20
-0.421 0.3 9.749 20
-0.404 0.304 9.749 20
-0.368 0.307 9.765 20
-0.327 0.326 9.758 21
-0.298 0.297 9.756 20
-0.255 0.321 9.763 20
-0.217 0.314 9.768 20
-0.167 0.295 9.775 20
-0.1 0.3 9.761 20
-0.045 0.316 9.756 20
0.031 0.319 9.753 21
0.084 0.324 9.751 20
0.136 0.324 9.765 20
0.184 0.345 9.768 20
0.227 0.338 9.768 20
0.258 0.34 9.785 20
0.304 0.324 9.78 21
0.342 0.316 9.765 20
0.359 0.314 9.773 20
0.39 0.312 9.775 20
0.407 0.324 9.749 20
0.409 0.34 9.765 20
0.404 0.336 9.792 20
0.39 0.331 9.777 21
0.385 0.324 9.761 20
0.373 0.333 9.789 20
0.352 0.316 9.794 20
0.321 0.324 9.797 20
0.311 0.336 9.765 20
0.268 0.324 9.758 20
0.239 0.319 9.773 21
0.208 0.304 9.773 20
0.187 0.304 9.768 20
0.163 0.304 9.761 20
0.136 0.312 9.785 20
0.096 0.314 9.77 20
0.064 0.321 9.773 20
0.041 0.316 9.763 21
0.009 0.326 9.768 20
-0.025 0.319 9.763 20
-0.049 0.319 9.765 20
-0.083 0.331 9.753 20
-0.1 0.333 9.763 20
-0.131 0.316 9.737 21
-0.157 0.336 9.758 20
-0.191 0.333 9.763 20
-0.195 0.309 9.765 20
-0.215 0.309 9.773 20
-0.227 0.312 9.756 20
-0.236 0.302 9.756 20
-0.229 0.302 9.751 21
-0.241 0.314 9.763 20
-0.239 0.331 9.775 20
-0.231 0.316 9.761 20
-0.224 0.321 9.78 20
-0.212 0.328 9.756 20
-0.186 0.324 9.751 21
-0.172 0.321 9.77 20
-0.152 0.307 9.777 20
-0.128 0.295 9.746 20
-0.085 0.338 9.744 20
-0.052 0.309 9.761 20
0.005 0.319 9.77 20
0.048 0.326 9.763 21
0.067 0.328 9.765 20
0.129 0.316 9.765 20
0.155 0.324 9.775 20
0.215 0.328 9.773 20
0.258 0.304 9.765 20
0.311 0.314 9.749 20
0.345 0.321 9.777 21
0.385 0.336 9.775 20
0.416 0.312 9.78 20
0.428 0.316 9.782 20
0.438 0.336 9.758 20
0.448 0.331 9.789 20
0.443 0.316 9.77 20
0.428 0.331 9.765 21
0.419 0.314 9.789 20
0.376 0.316 9.768 20
0.349 0.336 9.761 20
0.316 0.333 9.768 20
0.27 0.314 9.777 20
0.211 0.316 9.773 21
0.172 0.324 9.763 20
0.122 0.326 9.765 20
0.043 0.312 9.763 20
-0.009 0.314 9.777 20
-0.073 0.319 9.744 20
-0.128 0.316 9.768 20
-0.186 0.316 9.768 21
-0.229 0.302 9.768 20
-0.265 0.302 9.765 20
-0.286 0.338 9.768 20
-0.298 0.319 9.758 20
-0.315 0.312 9.763 20
-0.334 0.316 9.782 20
-0.342 0.326 9.775 21
-0.344 0.312 9.763 20
-0.32 0.316 9.739 20
-0.298 0.321 9.758 20
-0.289 0.297 9.751 20
-0.255 0.319 9.753 20
-0.222 0.328 9.758 21
-0.174 0.302 9.777 20
-0.126 0.324 9.763 20
-0.061 0.319 9.761 20
-0.023 0.314 9.765 20
0.036 0.328 9.758 20
0.103 0.331 9.756 20
0.158 0.326 9.765 21
0.201 0.324 9.77 20
0.256 0.34 9.753 20
0.302 0.324 9.77 20
0.337 0.324 9.765 20
0.373 0.336 9.777 20
0.388 0.338 9.765 20
0.421 0.324 9.787 21
0.419 0.319 9.78 20
0.431 0.319 9.777 20
0.426 0.321 9.787 20
0.421 0.333 9.782 20
0.397 0.319 9.792 20
0.366 0.314 9.758 21
0.323 0.328 9.78 20
0.285 0.336 9.768 20
0.246 0.331 9.765 20
0.191 0.333 9.789 20
0.151 0.326 9.777 20
0.115 0.319 9.765 20
0.072 0.312 9.763 21
0.021 0.326 9.758 20
-0.016 0.324 9.773 20
-0.057 0.316 9.756 20
-0.097 0.319 9.761 20
-0.116 0.331 9.768 20
-0.167 0.312 9.768 20
-0.174 0.324 9.792 21
-0.188 0.324 9.773 20
-0.203 0.316 9.758 20
-0.21 0.316 9.756 20
-0.21 0.338 9.758 20
-0.207 0.328 9.775 20
-0.215 0.321 9.765 21
-0.193 0.326 9.773 20
-0.188 0.326 9.758 20
-0.172 0.314 9.765 20
-0.162 0.331 9.773 20
-0.14 0.34 9.785 20
-0.088 0.326 9.768 20
-0.059 0.319 9.773 21
-0.047 0.316 9.78 20
-0.028 0.326 9.77 20
0.002 0.333 9.761 20
0.048 0.333 9.768 20
0.079 0.321 9.787 20
0.079 0.297 9.773 20
0.112 0.297 9.761 21
0.143 0.319 9.782 20
0.167 0.314 9.773 20
0.172 0.321 9.77 20
0.184 0.326 9.801 20
0.187 0.326 9.775 20
0.201 0.309 9.761 21
0.223 0.319 9.763 20
0.225 0.324 9.761 20
0.206 0.312 9.768 20
0.215 0.333 9.765 20
0.227 0.331 9.763 20
0.225 0.326 9.765 20
0.225 0.333 9.763 21
0.187 0.319 9.763 20
0.196 0.319 9.758 20
0.201 0.331 9.78 20
0.189 0.331 9.765 20
0.163 0.328 9.768 20
0.143 0.324 9.768 21
0.136 0.336 9.761 20
0.103 0.333 9.775 20
0.079 0.319 9.775 20
0.076 0.326 9.775 20
0.057 0.314 9.792 20
0.009 0.321 9.773 20
0.002 0.321 9.761 21
-0.014 0.316 9.753 20
-0.035 0.34 9.758 20
-0.057 0.326 9.78 20
-0.083 0.316 9.749 20
-0.109 0.328 9.756 20
-0.126 0.328 9.765 20
-0.133 0.309 9.761 21
-0.145 0.302 9.753 20
-0.152 0.304 9.773 20
-0.167 0.328 9.756 20
-0.155 0.309 9.777 20
-0.133 0.309 9.765 20
-0.143 0.326 9.751 21
-0.157 0.319 9.749 20
-0.128 0.307 9.813 20
-0.088 0.319 9.785 20
-0.076 0.3 9.761 20
-0.064 0.302 9.756 20
-0.042 0.328 9.763 20
-0.009 0.29 9.773 21
0.019 0.316 9.787 20
0.043 0.316 9.763 20
0.062 0.312 9.77 20
0.098 0.326 9.782 20
0.12 0.319 9.77 20
0.158 0.328 9.775 20
0.179 0.316 9.761 21
0.191 0.312 9.768 20
0.227 0.314 9.78 20
0.232 0.328 9.787 20
0.258 0.316 9.773 20
0.261 0.324 9.78 20
0.275 0.324 9.785 21
0.292 0.324 9.744 20
0.263 0.328 9.775 20
0.256 0.316 9.78 20
0.234 0.312 9.773 20
0.223 0.316 9.77 20
0.208 0.316 9.775 20
0.187 0.316 9.775 21
0.16 0.319 9.782 20
0.122 0.324 9.749 20
0.091 0.331 9.782 20
0.062 0.319 9.78 20
0.041 0.316 9.77 20
0.002 0.328 9.768 21
-0.03 0.321 9.765 20
-0.049 0.319 9.761 20
-0.081 0.324 9.773 20
-0.116 0.314 9.739 20
-0.124 0.3 9.758 20
-0.136 0.316 9.763 20
-0.162 0.319 9.765 21
-0.162 0.307 9.775 20
-0.164 0.324 9.751 20
-0.172 0.326 9.773 20
-0.169 0.321 9.758 20
-0.15 0.324 9.763 20
-0.143 0.328 9.763 21
-0.14 0.316 9.768 20
-0.107 0.326 9.77 20
-0.09 0.336 9.77 20
-0.054 0.331 9.763 20
-0.028 0.321 9.758 20
0.005 0.316 9.77 20
0.012 0.319 9.756 21
0.029 0.312 9.775 20
0.069 0.302 9.78 20
0.096 0.312 9.77 20
0.124 0.316 9.753 20
0.136 0.314 9.775 20
0.17 0.326 9.78 20
0.184 0.316 9.768 21
0.194 0.328 9.765 20
0.218 0.316 9.775 20
0.225 0.328 9.775 20
0.227 0.324 9.797 20
0.227 0.331 9.768 20
0.225 0.314 9.768 21
0.206 0.319 9.785 20
0.191 0.312 9.78 20
0.182 0.324 9.761 20
0.184 0.328 9.777 20
0.158 0.326 9.782 20
0.12 0.324 9.77 20
0.12 0.324 9.765 21
0.103 0.321 9.773 20
0.064 0.321 9.775 20
0.06 0.321 9.72 20
0.05 0.326 9.751 20
0.009 0.338 9.758 20
0.009 0.314 9.763 21
-0.006 0.331 9.785 20
-0.025 0.316 9.77 20
-0.047 0.307 9.749 20
-0.064 0.326 9.756 20
-0.061 0.34 9.768 20
-0.078 0.321 9.765 20
-0.085 0.316 9.746 21
-0.071 0.319 9.761 20
-0.073 0.316 9.763 20
-0.093 0.324 9.77 20
-0.081 0.321 9.782 20
-0.052 0.319 9.761 20
-0.069 0.326 9.768 20
-0.059 0.324 9.773 21
-0.028 0.316 9.761 20
-0.037 0.319 9.77 20
-0.018 0.312 9.756 20
0.009 0.321 9.763 20
0.041 0.355 9.773 20
0.091 0.288 9.837 20
0.041 0.257 9.777 21
0.026 0.328 9.773 20
0.1 0.328 9.78 20
0.055 0.326 9.77 20
0.024 0.348 9.756 20
0.098 0.302 9.758 20
0.112 0.331 9.761 21
0.086 0.338 9.77 20
0.115 0.29 9.799 20
0.132 0.304 9.777 20
0.105 0.34 9.775 20
0.139 0.331 9.782 20
0.124 0.326 9.773 20
0.096 0.336 9.77 21
0.141 0.309 9.77 20
0.163 0.314 9.763 20
0.127 0.319 9.746 20
0.129 0.304 9.756 20
0.124 0.316 9.775 20
0.108 0.336 9.758 21
0.122 0.309 9.751 20
0.098 0.307 9.773 20
0.079 0.324 9.782 20
0.084 0.309 9.725 20
0.079 0.324 9.763 20
0.062 0.316 9.758 20
0.041 0.309 9.77 21
0.026 0.324 9.775 20
0.024 0.328 9.751 20
0.024 0.343 9.761 20
0.009 0.338 9.765 20
-0.028 0.324 9.77 20
-0.011 0.316 9.758 20
-0.009 0.328 9.761 21
-0.047 0.321 9.763 20
-0.037 0.338 9.78 20
0.031 0.403 9.77 20
0.076 0.333 9.768 20
-0.04 0.278 9.756 20
-0.078 0.316 9.78 21
0.029 0.295 9.749 20
-0.03 0.309 9.775 20
-0.205 0.343 9.768 20
-0.109 0.295 9.77 20
-0.021 0.326 9.753 20
-0.04 0.331 9.753 20
0.0 0.223 9.78 21

# Completed @Mon Jul 31 19:55:01 GMT+08:00 2017
