0.093 0.304 9.761 0
0.098 0.312 9.756 20
0.081 0.266 9.765 20
0.129 0.304 9.775 20
0.12 0.264 9.773 20
0.072 0.3 9.775 20
0.1 0.268 9.761 20
0.127 0.264 9.765 21
0.105 0.314 9.773 20
0.124 0.261 9.761 20
0.127 0.28 9.758 20
0.117 0.307 9.768 20
0.124 0.257 9.744 20
0.134 0.307 9.775 20
0.1 0.314 9.775 21
0.12 0.288 9.763 20
0.146 0.288 9.761 20
0.132 0.285 9.773 20
0.129 0.307 9.756 20
0.143 0.283 9.768 20
0.132 0.314 9.765 20
0.124 0.307 9.768 21
0.127 0.273 9.765 20
0.127 0.326 9.758 20
0.146 0.271 9.765 20
0.127 0.283 9.732 20
0.127 0.304 9.761 20
0.122 0.285 9.765 20
0.108 0.292 9.765 20
0.122 0.295 9.77 21
0.141 0.3 9.749 20
0.127 0.292 9.768 20
0.105 0.271 9.775 20
0.115 0.3 9.768 20
0.105 0.285 9.77 20
0.112 0.28 9.761 21
0.11 0.28 9.758 20
0.1 0.28 9.756 20
0.103 0.288 9.765 20
0.11 0.271 9.751 20
0.115 0.283 9.756 20
0.079 0.309 9.773 20
0.105 0.297 9.768 21
0.105 0.3 9.768 20
0.112 0.285 9.753 20
0.096 0.276 9.765 20
0.11 0.295 9.78 20
0.129 0.273 9.758 20
0.108 0.292 9.765 20
0.103 0.28 9.765 21
0.091 0.288 9.761 20
0.098 0.285 9.763 20
0.098 0.266 9.758 20
0.115 0.285 9.777 20
0.127 0.288 9.768 20
0.124 0.302 9.746 20
0.105 0.297 9.761 21
0.124 0.273 9.765 20
0.132 0.28 9.773 20
0.141 0.297 9.77 20
0.124 0.304 9.768 20
0.112 0.304 9.765 20
0.115 0.292 9.749 20
0.117 0.285 9.765 21
0.139 0.288 9.765 20
0.132 0.288 9.761 20
0.129 0.28 9.763 20
0.11 0.29 9.765 20
0.076 0.304 9.768 20
0.088 0.266 9.753 20
0.06 0.271 9.744 21
0.093 0.283 9.768 20
0.148 0.292 9.756 20
0.129 0.28 9.742 20
0.048 0.307 9.77 20
0.064 0.268 9.749 20
0.155 0.276 9.742 20
0.179 0.28 9.77 20
0.11 0.254 9.765 21
0.043 0.273 9.78 20
0.139 0.307 9.77 20
0.148 0.302 9.773 20
0.211 0.302 9.77 20
0.158 0.314 9.765 20
0.055 0.292 9.756 21
0.033 0.292 9.765 20
0.139 0.237 9.734 20
0.328 0.3 9.765 20
0.191 0.29 9.765 20
-0.03 0.355 9.768 20
-0.035 0.297 9.773 20
0.177 0.297 9.777 21
0.4 0.321 9.787 20
0.203 0.161 9.756 20
-0.114 0.283 9.742 20
0.036 0.367 9.758 20
0.395 0.132 9.758 20
0.263 0.331 9.773 20
-0.126 0.556 9.758 21
-0.102 0.132 9.744 20
0.175 0.182 9.775 20
0.354 0.465 9.765 20
0.067 0.254 9.775 20
-0.241 0.261 9.787 20
-0.021 0.359 9.785 20
0.393 0.225 9.73 21
0.201 0.422 9.758 20
-0.133 0.314 9.749 20
-0.109 0.237 9.768 20
0.151 0.388 9.761 20
0.323 0.283 9.746 20
0.088 0.23 9.789 20
-0.239 0.379 9.763 21
0.105 0.235 9.792 20
0.589 0.178 9.777 20
0.194 0.28 9.77 20
-0.16 0.295 9.801 20
0.297 0.292 9.67 20
0.649 0.149 9.572 20
0.347 0.498 9.37 21
-0.421 0.431 9.574 20
-1.12 0.137 9.624 20
-1.053 0.4 9.033 20
-0.674 0.616 9.725 20
-1.515 0.005 9.239 20
-1.756 -0.003 8.827 20
-2.642 0.462 8.688 21
-3.681 -0.104 10.144 20
-5.168 -0.829 10.213 20
-5.044 -0.456 10.57 20
-5.228 -0.477 11.171 20
-5.159 -1.315 10.338 20
-3.95 -0.353 13.148 20
-9.317 -0.633 12.174 21
-6.282 -4.904 9.188 20
-2.233 2.167 7.663 20
3.232 3.517 7.522 20
1.776 -2.343 10.07 20
-3.406 0.486 8.738 20
-3.691 3.063 8.76 20
1.891 0.429 8.449 21
6.948 -0.03 8.839 20
5.387 2.186 10.103 20
1.388 1.212 9.093 20
0.44 0.589 8.475 20
3.766 1.281 9.318 20
8.222 0.889 10.697 20
8.317 0.474 11.13 21
4.824 1.071 10.072 20
3.795 0.711 9.658 20
6.206 0.47 10.359 20
8.449 0.276 11.434 20
7.774 -0.145 11.31 20
5.332 -0.233 10.268 20
4.489 -0.193 9.715 21
5.528 -0.693 10.548 20
6.519 -1.002 10.79 20
5.291 -0.877 10.122 20
3.663 -0.999 9.38 20
2.985 -0.966 9.397 20
3.328 -0.803 9.567 20
3.112 -0.885 9.49 21
1.575 -0.65 8.966 20
0.361 -0.264 8.918 20
0.325 -0.288 9.1 20
0.378 -0.193 8.899 20
-0.538 0.415 9.042 20
-1.864 0.465 9.083 20
-2.367 0.467 9.2 21
-2.424 0.752 9.385 20
-2.506 0.582 9.382 20
-2.851 0.127 9.435 20
-3.502 0.031 9.595 20
-4.136 0.405 9.864 20
-4.792 0.747 10.072 20
-4.991 0.975 10.129 21
-5.135 1.162 10.228 20
-5.582 1.15 10.263 20
-5.843 1.047 10.359 20
-5.654 1.056 10.383 20
-5.005 0.774 10.321 20
-4.385 0.465 10.158 20
-4.534 0.479 10.11 21
-4.732 0.529 10.084 20
-4.227 0.458 9.928 20
-3.373 0.41 9.739 20
-2.784 0.273 9.56 20
-2.405 0.0 9.418 20
-1.915 -0.099 9.378 20
-1.294 -0.147 9.241 21
-0.485 -0.207 9.215 20
0.146 -0.243 9.15 20
0.426 -0.123 9.215 20
0.716 -0.126 9.212 20
1.338 -0.114 9.227 20
2.303 -0.233 9.342 20
2.909 -0.229 9.442 21
3.172 -0.097 9.555 20
3.232 0.036 9.651 20
3.45 0.194 9.739 20
3.888 0.156 9.878 20
4.288 0.185 10.026 20
4.513 0.257 10.117 20
4.47 0.359 10.172 21
4.391 0.431 10.187 20
4.712 0.405 10.326 20
4.846 0.503 10.374 20
4.774 0.304 10.338 20
4.379 0.407 10.17 20
4.104 0.467 10.079 20
3.855 0.41 10.0 21
3.433 0.45 9.902 20
2.995 0.345 9.727 20
2.598 0.362 9.603 20
2.188 0.364 9.564 20
1.796 0.225 9.478 20
1.168 0.28 9.382 20
0.349 0.391 9.342 21
-0.121 0.379 9.342 20
-0.301 0.324 9.37 20
-0.713 0.168 9.354 20
-1.199 0.276 9.394 20
-1.603 0.486 9.442 20
-1.876 0.383 9.557 20
-2.247 0.113 9.595 21
-2.571 -0.178 9.646 20
-2.726 -0.252 9.737 20
-2.958 -0.106 9.823 20
-3.207 0.01 9.895 20
-3.437 0.02 9.955 20
-3.746 -0.037 10.005 20
-3.918 0.053 10.077 21
-4.031 0.34 10.074 20
-3.995 0.448 10.034 20
-3.717 0.264 10.029 20
-3.397 -0.023 9.99 20
-3.159 -0.003 9.94 20
-3.037 0.221 9.904 20
-2.858 0.333 9.806 21
-2.489 0.321 9.698 20
-2.099 0.35 9.617 20
-1.783 0.374 9.579 20
-1.44 0.362 9.586 20
-0.895 0.357 9.504 20
-0.308 0.242 9.445 20
0.203 0.242 9.43 21
0.567 0.35 9.447 20
0.673 0.359 9.483 20
0.941 0.28 9.469 20
1.539 0.336 9.54 20
2.171 0.199 9.612 20
2.48 0.216 9.686 21
2.408 0.355 9.746 20
2.485 0.285 9.753 20
2.827 0.252 9.828 20
3.306 0.242 9.935 20
3.558 0.218 10.01 20
3.368 0.278 9.995 20
3.196 0.245 9.959 21
3.364 0.134 9.99 20
3.658 0.12 10.098 20
3.579 0.065 10.067 20
3.23 0.087 9.967 20
2.957 0.127 9.89 20
2.82 0.11 9.852 20
2.693 0.051 9.794 21
2.308 0.101 9.739 20
1.819 0.17 9.658 20
1.477 0.161 9.631 20
1.207 0.192 9.61 20
0.835 0.23 9.574 20
0.275 0.331 9.504 20
-0.179 0.374 9.528 21
-0.432 0.316 9.543 20
-0.67 0.283 9.56 20
-0.878 0.374 9.6 20
-1.053 0.486 9.579 20
-1.4 0.489 9.641 20
-1.792 0.249 9.732 20
-1.986 0.008 9.727 21
-2.063 0.094 9.77 20
-2.135 0.245 9.789 20
-2.19 0.223 9.83 20
-2.496 0.161 9.856 20
-2.851 0.132 9.895 20
-2.827 0.168 9.926 20
-2.741 0.362 9.911 21
-2.741 0.513 9.907 20
-2.681 0.249 9.897 20
-2.53 -0.015 9.897 20
-2.319 0.113 9.832 20
-2.01 0.194 9.785 20
-1.883 0.194 9.753 20
-1.764 0.211 9.73 21
-1.524 0.192 9.691 20
-1.179 0.209 9.662 20
-0.758 0.156 9.634 20
-0.404 0.103 9.581 20
-0.164 0.242 9.605 20
0.151 0.235 9.617 20
0.5 0.175 9.572 21
0.728 0.3 9.605 20
0.907 0.324 9.643 20
1.218 0.242 9.677 20
1.63 0.192 9.694 20
1.829 0.328 9.763 20
1.942 0.304 9.739 20
2.097 0.209 9.801 21
2.284 0.257 9.849 20
2.442 0.307 9.864 20
2.504 0.264 9.909 20
2.487 0.228 9.88 20
2.497 0.266 9.916 20
2.566 0.285 9.928 20
2.569 0.266 9.9 21
2.483 0.216 9.885 20
2.327 0.237 9.885 20
2.15 0.213 9.837 20
1.987 0.189 9.797 20
1.793 0.221 9.775 20
1.506 0.259 9.737 20
1.195 0.228 9.715 21
0.888 0.228 9.691 20
0.677 0.225 9.672 20
0.416 0.257 9.636 20
0.055 0.297 9.641 20
-0.32 0.288 9.634 20
-0.526 0.261 9.67 20
-0.65 0.273 9.667 21
-0.713 0.345 9.667 20
-0.849 0.438 9.674 20
-1.179 0.326 9.727 20
-1.496 0.118 9.732 20
-1.587 0.065 9.789 20
-1.541 0.137 9.777 20
-1.534 0.209 9.782 21
-1.651 0.175 9.799 20
-1.876 0.067 9.847 20
-1.998 0.027 9.864 20
-1.953 0.151 9.837 20
-1.891 0.34 9.801 20
-1.869 0.331 9.806 20
-1.888 0.166 9.828 21
-1.814 0.122 9.809 20
-1.519 0.173 9.794 20
-1.244 0.225 9.742 20
-1.146 0.29 9.749 20
-1.084 0.218 9.72 20
-0.847 0.17 9.698 20
-0.579 0.245 9.701 21
-0.301 0.292 9.686 20
-0.083 0.283 9.667 20
0.088 0.292 9.665 20
0.321 0.276 9.698 20
0.584 0.264 9.672 20
0.807 0.276 9.722 20
0.953 0.321 9.725 21
1.156 0.268 9.71 20
1.405 0.297 9.763 20
1.503 0.273 9.739 20
1.587 0.218 9.785 20
1.731 0.259 9.825 20
1.829 0.3 9.806 20
1.853 0.266 9.816 21
1.872 0.242 9.876 20
1.884 0.197 9.818 20
1.882 0.249 9.895 20
1.891 0.257 9.816 20
1.793 0.23 9.837 20
1.647 0.221 9.816 20
1.547 0.185 9.799 21
1.427 0.24 9.797 20
1.226 0.295 9.768 20
1.032 0.273 9.732 20
0.823 0.216 9.737 20
0.596 0.242 9.722 20
0.371 0.283 9.713 20
0.151 0.3 9.706 21
-0.054 0.273 9.691 20
-0.27 0.297 9.679 20
-0.459 0.285 9.71 20
-0.583 0.245 9.67 20
-0.643 0.386 9.73 20
-0.689 0.4 9.715 20
-0.861 0.304 9.749 21
-1.112 0.213 9.758 20
-1.206 0.132 9.761 20
-1.132 0.182 9.777 20
-1.098 0.254 9.775 20
-1.191 0.221 9.782 20
-1.357 0.125 9.787 20
-1.385 0.079 9.818 21
-1.338 0.17 9.809 20
-1.268 0.295 9.787 20
-1.266 0.259 9.792 20
-1.29 0.192 9.78 20
-1.139 0.151 9.775 20
-0.871 0.154 9.751 20
-0.71 0.247 9.722 21
-0.703 0.268 9.744 20
-0.631 0.192 9.737 20
-0.476 0.233 9.746 20
-0.241 0.271 9.715 20
-0.033 0.276 9.715 20
0.088 0.285 9.718 20
0.151 0.307 9.698 21
0.361 0.295 9.713 20
0.594 0.259 9.718 20
0.788 0.276 9.725 20
0.893 0.319 9.749 20
1.003 0.266 9.782 20
1.077 0.245 9.758 20
1.202 0.331 9.806 21
1.319 0.249 9.794 20
1.35 0.271 9.792 20
1.357 0.297 9.785 20
1.362 0.259 9.823 20
1.4 0.28 9.799 20
1.405 0.276 9.804 20
1.369 0.268 9.816 21
1.274 0.259 9.806 20
1.223 0.235 9.78 20
1.166 0.24 9.809 20
1.017 0.235 9.763 20
0.85 0.228 9.749 20
0.704 0.271 9.761 20
0.584 0.252 9.737 21
0.472 0.237 9.742 20
0.27 0.242 9.732 20
0.062 0.254 9.732 20
-0.104 0.273 9.725 20
-0.148 0.235 9.737 20
-0.284 0.264 9.737 20
-0.447 0.259 9.746 21
-0.569 0.23 9.749 20
-0.634 0.276 9.758 20
-0.653 0.28 9.765 20
-0.741 0.245 9.751 20
-0.851 0.259 9.782 20
-0.904 0.209 9.768 20
-0.907 0.189 9.789 21
-0.899 0.24 9.773 20
-0.88 0.235 9.756 20
-0.909 0.187 9.801 20
-0.95 0.201 9.773 20
-0.919 0.259 9.765 20
-0.837 0.249 9.763 20
-0.77 0.259 9.773 21
-0.708 0.249 9.765 20
-0.626 0.225 9.761 20
-0.483 0.221 9.739 20
-0.361 0.247 9.763 20
-0.284 0.261 9.751 20
-0.195 0.242 9.751 20
-0.073 0.228 9.737 21
0.064 0.247 9.739 20
0.223 0.264 9.734 20
0.34 0.257 9.744 20
0.436 0.254 9.742 20
0.558 0.245 9.742 20
0.685 0.278 9.756 20
0.773 0.252 9.77 21
0.843 0.252 9.78 20
0.955 0.3 9.801 20
0.977 0.233 9.775 20
0.996 0.259 9.77 20
1.07 0.292 9.785 20
1.128 0.28 9.797 20
1.044 0.302 9.789 21
0.996 0.295 9.787 20
1.001 0.273 9.782 20
1.015 0.266 9.768 20
0.931 0.304 9.782 20
0.783 0.29 9.775 20
0.704 0.268 9.765 20
0.682 0.261 9.777 21
0.579 0.278 9.758 20
0.409 0.283 9.746 20
0.266 0.264 9.742 20
0.177 0.235 9.756 20
0.11 0.225 9.756 20
-0.03 0.276 9.744 20
-0.2 0.252 9.734 21
-0.294 0.211 9.73 20
-0.32 0.235 9.758 20
-0.413 0.259 9.753 20
-0.533 0.228 9.753 20
-0.595 0.211 9.756 20
-0.624 0.225 9.751 20
-0.65 0.249 9.78 21
-0.672 0.218 9.751 20
-0.729 0.221 9.756 20
-0.732 0.218 9.763 20
-0.686 0.206 9.761 20
-0.67 0.213 9.763 20
-0.684 0.24 9.765 20
-0.667 0.249 9.78 21
-0.612 0.245 9.765 20
-0.526 0.252 9.753 20
-0.428 0.249 9.739 20
-0.37 0.259 9.761 20
-0.31 0.264 9.751 20
-0.224 0.259 9.749 21
-0.116 0.23 9.746 20
-0.004 0.254 9.746 20
0.096 0.297 9.72 20
0.189 0.268 9.751 20
0.239 0.264 9.756 20
0.335 0.266 9.765 20
0.467 0.268 9.756 21
0.603 0.254 9.768 20
0.656 0.268 9.78 20
0.668 0.261 9.77 20
0.668 0.264 9.756 20
0.773 0.304 9.789 20
0.874 0.278 9.787 20
0.879 0.252 9.782 21
0.831 0.28 9.768 20
0.823 0.249 9.78 20
0.847 0.254 9.756 20
0.831 0.28 9.758 20
0.752 0.288 9.775 20
0.687 0.28 9.777 20
0.632 0.247 9.77 21
0.589 0.283 9.78 20
0.483 0.283 9.763 20
0.378 0.276 9.744 20
0.306 0.268 9.765 20
0.232 0.237 9.777 20
0.091 0.285 9.749 20
0.014 0.307 9.761 21
-0.04 0.221 9.756 20
-0.131 0.235 9.746 20
-0.205 0.266 9.751 20
-0.306 0.242 9.749 20
-0.375 0.221 9.768 20
-0.399 0.242 9.744 20
-0.421 0.216 9.725 21
-0.447 0.201 9.746 20
-0.497 0.201 9.765 20
-0.574 0.228 9.797 20
-0.626 0.204 9.789 20
-0.545 0.209 9.758 20
-0.447 0.228 9.775 20
-0.49 0.225 9.739 21
-0.533 0.211 9.77 20
-0.49 0.24 9.801 20
-0.416 0.254 9.773 20
-0.339 0.242 9.775 20
-0.296 0.23 9.761 20
-0.224 0.257 9.734 20
-0.16 0.288 9.694 21
-0.028 0.276 9.768 20
-0.059 0.276 9.785 20
-0.071 0.343 9.78 20
0.036 0.338 9.777 20
0.208 0.264 9.761 20
0.369 0.271 9.768 20
0.414 0.285 9.737 21
0.409 0.285 9.751 20
0.488 0.228 9.749 20
0.555 0.245 9.761 20
0.608 0.321 9.77 20
0.651 0.252 9.777 20
0.651 0.242 9.77 20
0.656 0.292 9.777 21
0.701 0.233 9.775 20
0.694 0.211 9.777 20
0.644 0.278 9.782 20
0.62 0.233 9.761 20
0.634 0.209 9.773 20
0.615 0.233 9.758 20
0.524 0.24 9.758 21
0.474 0.221 9.775 20
0.476 0.216 9.753 20
0.426 0.276 9.758 20
0.263 0.264 9.727 20
0.153 0.268 9.77 20
0.048 0.319 9.768 20
-0.011 0.295 9.761 21
0.041 0.221 9.765 20
-0.045 0.237 9.753 20
-0.21 0.326 9.78 20
-0.272 0.266 9.732 20
-0.239 0.245 9.73 20
-0.217 0.257 9.758 20
-0.296 0.273 9.768 21
-0.476 0.288 9.782 20
-0.533 0.271 9.753 20
-0.377 0.268 9.768 20
-0.301 0.225 9.739 20
-0.399 0.242 9.727 20
-0.48 0.252 9.792 20
-0.488 0.223 9.773 21
-0.375 0.24 9.763 20
-0.284 0.221 9.751 20
-0.301 0.24 9.768 20
-0.313 0.213 9.765 20
-0.265 0.201 9.746 20
-0.107 0.216 9.758 20
-0.081 0.242 9.732 21
-0.112 0.245 9.765 20
-0.083 0.24 9.742 20
0.091 0.235 9.775 20
0.165 0.278 9.777 20
0.194 0.249 9.718 20
0.27 0.259 9.777 20
0.292 0.271 9.751 21
0.376 0.266 9.746 20
0.483 0.28 9.739 20
0.524 0.278 9.744 20
0.529 0.273 9.785 20
0.498 0.3 9.792 20
0.46 0.328 9.775 20
0.572 0.283 9.753 21
0.685 0.264 9.749 20
0.651 0.331 9.77 20
0.479 0.304 9.794 20
0.402 0.242 9.753 20
0.551 0.295 9.765 20
0.634 0.314 9.725 20
0.483 0.283 9.789 21
0.175 0.247 9.782 20
0.115 0.324 9.77 20
0.436 0.245 9.746 20
0.469 0.185 9.751 20
0.112 0.264 9.758 20
-0.15 0.249 9.749 20
-0.04 0.204 9.775 21
0.143 0.228 9.775 20
0.067 0.23 9.746 20
-0.255 0.237 9.768 20
-0.375 0.192 9.761 20
-0.164 0.182 9.746 20
-0.023 0.218 9.753 20
-0.241 0.24 9.768 21
-0.512 0.242 9.787 20
-0.423 0.247 9.792 20
-0.188 0.247 9.78 20
-0.164 0.228 9.739 20
-0.397 0.254 9.777 20
-0.512 0.259 9.782 20
-0.358 0.271 9.758 21
-0.078 0.237 9.725 20
-0.109 0.252 9.763 20
-0.339 0.321 9.78 20
-0.361 0.285 9.761 20
-0.133 0.261 9.765 20
0.069 0.285 9.763 20
0.024 0.266 9.749 21
-0.145 0.312 9.758 20
-0.114 0.268 9.77 20
0.139 0.24 9.753 20
0.388 0.252 9.765 20
0.263 0.276 9.746 20
0.127 0.288 9.768 20
0.242 0.201 9.777 21
0.436 0.242 9.761 20
0.555 0.283 9.775 20
0.4 0.237 9.773 20
0.139 0.283 9.792 20
0.337 0.228 9.765 20
0.701 0.197 9.746 20
0.641 0.266 9.746 21
0.409 0.213 9.756 20
0.333 0.189 9.787 20
0.46 0.278 9.792 20
0.562 0.268 9.773 20
0.464 0.233 9.753 20
0.232 0.304 9.775 20
0.201 0.321 9.775 21
0.357 0.23 9.777 20
0.383 0.237 9.773 20
0.203 0.314 9.763 20
0.112 0.237 9.734 20
0.179 0.187 9.775 20
0.153 0.29 9.739 20
0.014 0.314 9.775 21
-0.085 0.223 9.782 20
-0.1 0.266 9.775 20
-0.09 0.321 9.73 20
-0.236 0.288 9.78 20
-0.291 0.221 9.753 20
-0.148 0.23 9.758 20
-0.049 0.271 9.758 21
-0.224 0.247 9.749 20
-0.377 0.194 9.751 20
-0.291 0.218 9.773 20
-0.2 0.264 9.768 20
-0.188 0.221 9.751 20
-0.239 0.192 9.768 20
-0.291 0.266 9.801 21
-0.263 0.268 9.78 20
-0.157 0.192 9.782 20
-0.102 0.201 9.749 20
-0.114 0.257 9.758 20
-0.119 0.218 9.749 20
-0.035 0.206 9.773 20
0.05 0.28 9.737 21
0.098 0.268 9.789 20
0.043 0.216 9.763 20
0.062 0.273 9.78 20
0.167 0.271 9.749 20
0.285 0.24 9.753 20
0.27 0.276 9.763 20
0.254 0.285 9.765 21
0.285 0.261 9.782 20
0.347 0.257 9.746 20
0.39 0.283 9.749 20
0.393 0.283 9.765 20
0.388 0.257 9.768 20
0.4 0.254 9.775 20
0.407 0.297 9.78 21
0.416 0.278 9.749 20
0.426 0.266 9.753 20
0.402 0.271 9.775 20
0.302 0.285 9.756 20
0.294 0.268 9.753 20
0.328 0.276 9.77 20
0.292 0.278 9.756 21
0.194 0.266 9.763 20
0.143 0.245 9.763 20
0.132 0.257 9.768 20
0.129 0.252 9.751 20
0.069 0.235 9.746 20
0.021 0.225 9.742 20
-0.03 0.24 9.756 21
-0.049 0.223 9.749 20
-0.073 0.247 9.773 20
-0.102 0.23 9.768 20
-0.152 0.228 9.758 20
-0.157 0.237 9.777 20
-0.172 0.216 9.756 20
-0.203 0.245 9.758 21
-0.207 0.233 9.777 20
-0.21 0.233 9.749 20
-0.164 0.233 9.775 20
-0.205 0.225 9.744 20
-0.243 0.254 9.775 20
-0.2 0.242 9.753 20
-0.136 0.28 9.77 21
-0.14 0.273 9.761 20
-0.157 0.24 9.744 20
-0.097 0.254 9.763 20
-0.035 0.273 9.773 20
-0.006 0.3 9.768 20
0.0 0.252 9.756 20
0.024 0.252 9.753 21
0.079 0.29 9.768 20
0.141 0.266 9.763 20
0.175 0.254 9.77 20
0.163 0.266 9.742 20
0.211 0.261 9.763 20
0.292 0.247 9.78 20
0.294 0.261 9.756 21
0.285 0.266 9.763 20
0.299 0.235 9.761 20
0.304 0.245 9.753 20
0.335 0.261 9.782 20
0.357 0.242 9.765 20
0.316 0.252 9.746 20
0.325 0.271 9.758 21
0.325 0.264 9.753 20
0.294 0.268 9.756 20
0.287 0.254 9.761 20
0.273 0.264 9.763 20
0.234 0.283 9.765 20
0.213 0.249 9.756 20
0.172 0.273 9.775 21
0.132 0.273 9.77 20
0.112 0.276 9.763 20
0.105 0.264 9.739 20
0.053 0.266 9.756 20
-0.023 0.249 9.768 20
-0.009 0.237 9.77 20
-0.002 0.252 9.756 21
-0.028 0.259 9.749 20
-0.081 0.233 9.746 20
-0.14 0.245 9.768 20
-0.148 0.283 9.756 20
-0.107 0.237 9.756 20
-0.121 0.249 9.763 20
-0.157 0.249 9.756 21
-0.181 0.233 9.768 20
-0.181 0.23 9.761 20
-0.143 0.261 9.742 20
-0.114 0.271 9.773 20
-0.162 0.245 9.761 20
-0.133 0.235 9.761 20
-0.073 0.266 9.782 21
-0.049 0.252 9.765 20
-0.054 0.266 9.751 20
-0.04 0.264 9.765 20
-0.009 0.252 9.763 20
0.031 0.268 9.785 20
0.062 0.283 9.756 20
0.081 0.252 9.761 21
0.112 0.28 9.773 20
0.136 0.28 9.758 20
0.167 0.273 9.785 20
0.184 0.259 9.77 20
0.215 0.264 9.749 20
0.23 0.285 9.765 20
0.246 0.247 9.77 21
0.266 0.257 9.746 20
0.27 0.278 9.756 20
0.273 0.247 9.753 20
0.297 0.237 9.749 20
0.311 0.271 9.782 20
0.261 0.266 9.751 20
0.239 0.271 9.761 21
0.275 0.259 9.749 20
0.273 0.276 9.773 20
0.194 0.242 9.765 20
0.172 0.249 9.749 20
0.189 0.276 9.758 20
0.196 0.245 9.756 20
0.134 0.247 9.756 21
0.074 0.276 9.761 20
0.093 0.261 9.761 20
0.096 0.252 9.758 20
0.036 0.264 9.749 20
-0.014 0.254 9.761 20
-0.028 0.264 9.768 20
-0.021 0.235 9.765 21
-0.052 0.259 9.749 20
-0.057 0.259 9.765 20
-0.083 0.245 9.782 20
-0.109 0.252 9.768 20
-0.076 0.23 9.785 20
-0.107 0.261 9.763 20
-0.128 0.259 9.765 21
-0.109 0.237 9.746 20
-0.112 0.235 9.756 20
-0.102 0.264 9.77 20
-0.088 0.259 9.756 20
-0.112 0.271 9.765 20
-0.09 0.264 9.758 20
-0.011 0.254 9.77 21
-0.009 0.264 9.768 20
-0.023 0.247 9.777 20
-0.009 0.254 9.739 20
0.057 0.249 9.751 20
0.105 0.247 9.746 20
0.067 0.283 9.773 20
0.055 0.278 9.77 21
0.129 0.257 9.77 20
0.196 0.254 9.749 20
0.175 0.261 9.773 20
0.179 0.261 9.782 20
0.182 0.247 9.756 20
0.187 0.268 9.768 20
0.225 0.261 9.765 21
0.23 0.259 9.758 20
0.237 0.28 9.77 20
0.244 0.264 9.761 20
0.232 0.273 9.761 20
0.213 0.278 9.768 20
0.22 0.257 9.758 20
0.215 0.276 9.773 21
0.215 0.257 9.765 20
0.143 0.288 9.77 20
0.124 0.295 9.758 20
0.17 0.259 9.753 20
0.175 0.254 9.777 20
0.084 0.3 9.751 20
0.05 0.29 9.756 21
0.064 0.252 9.773 20
0.067 0.273 9.749 20
0.036 0.273 9.785 20
-0.023 0.242 9.773 20
-0.04 0.261 9.763 20
0.002 0.271 9.758 20
-0.011 0.235 9.756 21
-0.09 0.273 9.765 20
-0.095 0.237 9.758 20
-0.042 0.247 9.763 20
-0.073 0.237 9.761 20
-0.093 0.225 9.765 20
-0.088 0.23 9.761 20
-0.052 0.235 9.756 21
-0.033 0.223 9.765 20
-0.064 0.252 9.751 20
-0.073 0.268 9.746 20
-0.025 0.254 9.77 20
0.007 0.225 9.785 20
-0.011 0.268 9.768 20
-0.03 0.28 9.761 21
0.045 0.264 9.761 20
0.086 0.271 9.758 20
0.069 0.283 9.773 20
0.036 0.271 9.761 20
0.098 0.295 9.768 20
0.148 0.271 9.761 20
0.146 0.276 9.749 21
0.105 0.283 9.758 20
0.12 0.266 9.753 20
0.196 0.245 9.756 20
0.242 0.276 9.773 20
0.153 0.28 9.756 20
0.153 0.245 9.78 20
0.172 0.271 9.785 21
0.227 0.237 9.746 20
0.239 0.28 9.761 20
0.165 0.249 9.758 20
0.16 0.237 9.756 20
0.17 0.276 9.77 20
0.213 0.192 9.737 20
0.158 0.264 9.765 21
0.127 0.259 9.773 20
0.132 0.209 9.753 20
0.129 0.295 9.777 20
0.132 0.237 9.765 20
0.084 0.264 9.751 20
0.067 0.261 9.785 20
0.072 0.235 9.744 21
0.053 0.314 9.777 20
0.033 0.252 9.756 20
0.014 0.264 9.756 20
0.002 0.295 9.742 20
0.036 0.249 9.768 20
-0.023 0.283 9.777 20
-0.076 0.283 9.775 21
-0.049 0.261 9.763 20
-0.018 0.295 9.78 20
-0.028 0.249 9.768 20
-0.047 0.271 9.773 20
-0.073 0.257 9.737 20
-0.025 0.252 9.758 20
0.0 0.257 9.775 21
-0.021 0.249 9.761 20
-0.03 0.242 9.77 20
-0.009 0.261 9.775 20
0.014 0.254 9.792 20
0.021 0.247 9.742 20
0.036 0.254 9.756 20
0.038 0.221 9.785 21
0.05 0.254 9.777 20
0.081 0.237 9.763 20
0.1 0.221 9.73 20
0.158 0.29 9.775 20
0.096 0.395 9.89 20
0.275 0.192 9.507 20
0.129 0.048 9.806 21
0.103 0.517 9.945 20
0.302 0.175 9.643 20
0.134 0.065 9.787 20
0.06 0.438 9.701 20
0.146 0.259 9.864 20
0.239 0.094 9.672 20
0.045 0.438 9.852 21
0.16 0.194 9.72 20
0.201 0.139 9.775 20
0.187 0.304 9.78 20
0.153 0.223 9.737 20
0.088 0.297 9.756 20
0.05 0.297 9.765 20
0.155 0.228 9.753 21
0.127 0.319 9.773 20
0.074 0.245 9.751 20
0.069 0.245 9.749 20
0.112 0.278 9.782 20
0.084 0.237 9.753 20
0.009 0.28 9.768 20
-0.014 0.28 9.756 21
0.043 0.268 9.749 20
0.081 0.259 9.777 20
0.048 0.235 9.77 20
-0.042 0.271 9.758 20
-0.004 0.266 9.765 20
0.06 0.218 9.758 20
0.026 0.288 9.768 21
-0.035 0.24 9.758 20
-0.021 0.252 9.753 20
0.021 0.259 9.78 20
0.036 0.213 9.751 20
0.0 0.225 9.749 20
0.009 0.245 9.751 21
0.041 0.245 9.749 20
0.031 0.271 9.749 20
0.043 0.209 9.737 20
0.115 0.24 9.77 20
0.045 0.29 9.801 20
-0.016 0.245 9.768 20
0.057 0.252 9.753 20
0.167 0.245 9.758 21
0.16 0.237 9.737 20
0.076 0.28 9.756 20
0.026 0.302 9.787 20
0.191 0.168 9.677 20
0.127 0.345 9.88 20
0.187 0.257 9.679 21
0.081 0.233 9.797 20
0.112 0.336 9.708 20
0.134 0.245 9.813 20
0.16 0.245 9.715 20
0.096 0.333 9.794 20
0.141 0.228 9.718 20
0.16 0.288 9.785 21
0.141 0.268 9.746 20

# Completed @Tue Aug 01 23:39:02 GMT+08:00 2017
