0.084 0.221 9.765 0
0.086 0.247 9.765 20
0.11 0.3 9.78 20
0.088 0.225 9.751 20
0.086 0.319 9.782 20
0.134 0.237 9.773 20
0.115 0.29 9.751 20
0.086 0.336 9.763 21
0.1 0.247 9.765 20
0.103 0.348 9.768 20
0.11 0.283 9.761 20
0.115 0.276 9.775 20
0.103 0.35 9.777 20
0.098 0.266 9.756 20
0.108 0.333 9.773 21
0.098 0.302 9.756 20
0.098 0.312 9.756 20
0.122 0.295 9.78 20
0.108 0.242 9.765 20
0.112 0.321 9.77 20
0.112 0.249 9.77 20
0.103 0.268 9.77 21
0.115 0.278 9.751 20
0.117 0.221 9.744 20
0.112 0.29 9.773 20
0.112 0.237 9.77 20
0.115 0.254 9.782 20
0.112 0.271 9.768 20
0.11 0.235 9.758 20
0.098 0.278 9.765 21
0.098 0.237 9.777 20
0.096 0.264 9.77 20
0.108 0.285 9.758 20
0.093 0.266 9.763 20
0.086 0.292 9.777 20
0.091 0.257 9.761 21
0.096 0.3 9.763 20
0.088 0.3 9.768 20
0.079 0.285 9.751 20
0.096 0.328 9.775 20
0.11 0.285 9.753 20
0.1 0.3 9.765 20
0.081 0.316 9.775 21
0.067 0.292 9.763 20
0.096 0.316 9.77 20
0.11 0.273 9.765 20
0.098 0.295 9.775 20
0.096 0.292 9.785 20
0.093 0.278 9.768 20
0.093 0.297 9.768 21
0.1 0.252 9.763 20
0.098 0.266 9.761 20
0.108 0.278 9.785 20
0.117 0.245 9.765 20
0.12 0.257 9.773 20
0.088 0.249 9.758 20
0.1 0.266 9.763 21
0.112 0.271 9.768 20
0.115 0.249 9.775 20
0.11 0.268 9.777 20
0.096 0.257 9.765 20
0.105 0.297 9.777 20
0.112 0.273 9.768 20
0.108 0.278 9.753 21
0.112 0.309 9.765 20
0.098 0.285 9.765 20
0.115 0.29 9.77 20
0.108 0.3 9.758 20
0.11 0.285 9.746 20
0.093 0.304 9.758 20
0.1 0.288 9.761 21
0.105 0.297 9.775 20
0.108 0.309 9.761 20
0.098 0.292 9.768 20
0.1 0.278 9.758 20
0.105 0.276 9.751 20
0.1 0.283 9.753 20
0.098 0.285 9.758 21
0.11 0.273 9.761 20
0.105 0.271 9.78 20
0.1 0.261 9.773 20
0.096 0.264 9.77 20
0.096 0.264 9.773 20
0.096 0.266 9.782 20
0.086 0.264 9.758 21
0.1 0.261 9.753 20
0.098 0.261 9.77 20
0.096 0.278 9.761 20
0.1 0.28 9.758 20
0.11 0.273 9.785 20
0.11 0.264 9.77 20
0.091 0.278 9.775 21
0.091 0.264 9.77 20
0.1 0.288 9.775 20
0.093 0.292 9.765 20
0.088 0.288 9.758 20
0.103 0.314 9.753 20
0.1 0.292 9.77 20
0.117 0.283 9.782 21
0.112 0.292 9.77 20
0.1 0.295 9.758 20
0.098 0.309 9.782 20
0.115 0.29 9.785 20
0.11 0.273 9.761 20
0.098 0.273 9.758 20
0.1 0.278 9.761 21
0.108 0.285 9.777 20
0.098 0.273 9.765 20
0.103 0.268 9.763 20
0.086 0.266 9.763 20
0.098 0.264 9.773 20
0.093 0.261 9.765 20
0.096 0.254 9.737 21
0.103 0.252 9.746 20
0.081 0.245 9.773 20
0.084 0.252 9.77 20
0.1 0.261 9.765 20
0.108 0.276 9.763 20
0.129 0.271 9.77 20
0.108 0.28 9.763 21
0.096 0.292 9.756 20
0.103 0.268 9.763 20
0.096 0.285 9.768 20
0.103 0.304 9.773 20
0.1 0.304 9.773 20
0.081 0.309 9.761 20
0.096 0.302 9.77 21
0.105 0.307 9.758 20
0.103 0.316 9.765 20
0.11 0.292 9.787 20
0.108 0.302 9.773 20
0.1 0.283 9.773 20
0.096 0.276 9.761 20
0.11 0.29 9.768 21
0.115 0.292 9.756 20
0.117 0.276 9.763 20
0.124 0.268 9.758 20
0.108 0.266 9.756 20
0.108 0.273 9.761 20
0.112 0.259 9.77 20
0.108 0.259 9.77 21
0.115 0.266 9.758 20
0.105 0.271 9.763 20
0.103 0.266 9.773 20
0.108 0.254 9.758 20
0.088 0.266 9.756 20
0.103 0.292 9.765 20
0.098 0.302 9.77 21
0.091 0.261 9.756 20
0.098 0.271 9.763 20
0.091 0.29 9.765 20
0.088 0.283 9.77 20
0.103 0.285 9.777 20
0.108 0.3 9.765 20
0.096 0.285 9.763 21
0.093 0.302 9.763 20
0.103 0.295 9.777 20
0.11 0.292 9.768 20
0.11 0.292 9.761 20
0.084 0.288 9.746 20
0.086 0.295 9.77 20
0.098 0.278 9.773 21
0.105 0.271 9.768 20
0.093 0.292 9.77 20
0.091 0.283 9.77 20
0.103 0.266 9.768 20
0.098 0.3 9.77 20
0.098 0.28 9.765 20
0.091 0.264 9.758 21
0.096 0.254 9.753 20
0.088 0.259 9.765 20
0.084 0.268 9.785 20
0.086 0.261 9.765 20
0.091 0.266 9.782 20
0.098 0.273 9.777 20
0.093 0.268 9.756 21
0.1 0.288 9.756 20
0.096 0.283 9.763 20
0.108 0.285 9.768 20
0.098 0.29 9.746 20
0.105 0.283 9.761 20
0.098 0.295 9.765 20
0.1 0.283 9.775 21
0.103 0.29 9.773 20
0.093 0.288 9.768 20
0.098 0.3 9.768 20
0.105 0.295 9.77 20
0.103 0.283 9.763 20
0.091 0.297 9.77 20
0.105 0.285 9.773 21
0.103 0.288 9.77 20
0.093 0.28 9.765 20
0.108 0.273 9.763 20
0.112 0.278 9.773 20
0.091 0.276 9.768 20
0.11 0.266 9.785 20
0.098 0.283 9.773 21
0.098 0.273 9.773 20
0.096 0.271 9.768 20
0.11 0.268 9.765 20
0.098 0.261 9.753 20
0.117 0.254 9.768 20
0.115 0.252 9.768 20
0.103 0.285 9.734 21
0.132 0.285 9.758 20
0.223 0.252 9.775 20
0.155 0.266 9.809 20
-0.076 0.348 9.732 20
-0.253 0.348 9.763 20
0.021 0.175 9.789 20
0.637 0.307 9.763 21
0.524 0.386 9.854 20
0.199 0.192 9.746 20
-0.15 -0.006 9.806 20
0.199 0.304 9.914 20
0.955 0.326 9.368 20
0.606 0.393 9.236 20
-0.464 0.776 9.811 21
-1.294 0.812 9.203 20
-1.124 0.532 9.124 20
-1.536 0.917 9.229 20
-1.316 1.2 8.741 20
-3.148 1.612 9.346 20
-4.337 1.097 10.366 20
-4.436 0.97 9.318 21
-4.914 0.936 10.704 20
-5.281 -0.537 10.326 20
-4.91 -1.586 10.493 20
-6.155 -0.6 11.544 20
-6.528 -1.126 14.882 20
-9.301 -0.786 13.292 20
-6.729 -2.161 5.193 21
0.986 -0.789 3.88 20
5.751 0.364 7.678 20
2.016 -1.035 13.129 20
-4.359 -1.948 9.057 20
-1.723 -0.056 8.202 20
4.994 -0.161 8.638 20
7.996 -0.413 9.813 21
4.491 0.383 9.794 20
1.575 -0.286 8.753 20
1.396 -0.42 8.676 20
5.408 1.322 9.852 20
9.285 1.822 11.604 20
7.731 0.74 11.121 20
3.309 1.243 9.538 21
2.839 1.396 9.289 20
6.134 1.394 10.745 20
7.953 1.511 11.595 20
6.21 1.176 10.991 20
3.555 1.652 9.792 20
3.256 1.83 9.409 20
4.451 1.176 10.007 21
4.41 0.838 10.213 20
3.488 0.479 10.419 20
3.481 0.465 9.512 20
2.971 0.623 9.567 20
2.511 0.3 9.799 20
1.846 0.041 9.512 20
0.946 0.048 9.1 21
0.385 -0.082 9.136 20
0.507 -0.157 9.332 20
0.34 -0.272 9.289 20
-0.966 -0.138 9.167 20
-2.278 -0.353 9.265 20
-2.954 -0.513 9.521 20
-2.513 -0.128 9.466 21
-2.403 0.139 9.61 20
-2.606 -0.281 9.576 20
-3.559 -0.664 9.708 20
-3.816 -0.432 9.9 20
-2.729 -0.353 9.919 20
-1.979 -0.432 9.911 20
-2.42 -0.456 9.876 21
-2.946 -0.468 9.943 20
-3.315 -0.269 10.026 20
-3.159 -0.018 9.983 20
-2.369 0.091 9.885 20
-2.492 0.261 9.998 20
-3.152 0.261 10.053 20
-3.095 0.233 9.947 21
-2.793 0.498 9.871 20
-2.389 0.551 9.789 20
-2.3 0.517 9.828 20
-2.551 0.659 9.823 20
-2.243 0.711 9.694 20
-1.285 0.671 9.595 20
-0.543 0.649 9.516 21
-0.334 0.534 9.533 20
-0.217 0.326 9.591 20
0.177 0.393 9.552 20
1.082 0.477 9.548 20
2.033 0.154 9.574 20
2.332 -0.123 9.662 20
1.942 -0.013 9.715 21
1.772 -0.011 9.686 20
1.925 -0.195 9.785 20
1.999 -0.257 9.768 20
1.702 0.276 9.777 20
1.075 0.443 9.83 20
0.926 0.17 9.71 20
1.015 0.52 9.785 21
1.654 0.441 9.9 20
1.855 0.221 9.94 20
1.549 0.302 9.818 20
1.779 0.276 9.787 20
2.267 0.051 9.943 20
2.629 0.036 9.94 20
2.602 0.158 9.947 21
2.296 0.283 9.892 20
1.915 0.448 9.818 20
1.989 0.312 9.873 20
2.112 0.245 9.871 20
1.721 0.427 9.811 20
1.056 0.369 9.753 20
0.546 0.338 9.689 21
0.227 0.616 9.679 20
0.179 0.587 9.72 20
-0.119 0.338 9.722 20
-0.432 0.345 9.662 20
-0.545 0.415 9.708 20
-0.2 0.031 9.715 20
0.05 0.118 9.67 21
0.002 0.661 9.722 20
0.067 0.522 9.686 20
-0.128 0.465 9.732 20
-0.093 0.508 9.727 20
0.177 0.45 9.691 20
0.069 0.328 9.658 20
-0.346 0.223 9.73 21
-0.701 0.094 9.727 20
-1.06 0.096 9.785 20
-1.134 0.103 9.785 20
-0.907 -0.013 9.746 20
-1.026 -0.133 9.751 20
-1.536 -0.154 9.804 20
-1.694 -0.152 9.842 21
-1.505 -0.087 9.818 20
-1.352 -0.056 9.782 20
-1.254 -0.066 9.761 20
-1.417 0.067 9.804 20
-1.443 0.161 9.84 20
-1.093 0.139 9.816 20
-0.859 0.192 9.773 21
-0.875 0.221 9.761 20
-0.99 0.237 9.768 20
-1.108 0.336 9.792 20
-1.268 0.359 9.768 20
-1.23 0.091 9.749 20
-1.239 0.027 9.684 20
-1.215 0.465 9.696 21
-1.208 0.697 9.753 20
-0.914 0.604 9.674 20
-0.557 0.671 9.665 20
-0.14 0.446 9.66 20
0.122 0.257 9.66 20
0.321 0.324 9.665 20
0.539 0.348 9.696 20
0.864 0.201 9.667 21
1.135 0.419 9.691 20
1.429 0.458 9.794 20
1.671 0.046 9.777 20
1.867 -0.061 9.821 20
2.119 0.015 9.852 20
2.298 -0.209 9.866 21
2.238 -0.092 9.868 20
2.195 0.307 9.904 20
2.358 0.271 9.928 20
2.468 0.072 9.914 20
2.452 0.099 9.919 20
2.511 0.089 9.883 20
2.404 0.163 9.873 20
2.229 0.077 9.847 21
2.138 -0.09 9.777 20
1.836 0.189 9.763 20
1.484 0.434 9.727 20
1.18 0.417 9.72 20
0.924 0.348 9.667 20
0.627 0.348 9.648 21
0.254 0.448 9.631 20
-0.186 0.496 9.636 20
-0.428 0.51 9.643 20
-0.557 0.415 9.655 20
-0.698 0.388 9.686 20
-0.892 0.541 9.703 20
-1.136 0.498 9.691 20
-1.402 0.261 9.732 21
-1.608 0.158 9.763 20
-1.697 0.149 9.797 20
-1.725 0.192 9.818 20
-1.792 0.182 9.816 20
-1.941 0.11 9.818 20
-2.027 0.008 9.837 20
-2.082 0.027 9.849 21
-2.092 0.154 9.854 20
-1.924 0.213 9.813 20
-1.778 0.149 9.823 20
-1.745 0.027 9.816 20
-1.548 -0.039 9.777 20
-1.28 0.063 9.768 20
-1.045 0.137 9.742 21
-0.835 0.099 9.698 20
-0.667 0.108 9.715 20
-0.526 0.178 9.701 20
-0.286 0.178 9.684 20
0.005 0.182 9.667 20
0.148 0.338 9.665 20
0.232 0.369 9.696 21
0.414 0.321 9.691 20
0.744 0.309 9.703 20
0.989 0.355 9.694 20
1.123 0.455 9.753 20
1.242 0.47 9.758 20
1.408 0.367 9.804 20
1.52 0.316 9.785 21
1.709 0.419 9.835 20
1.81 0.407 9.823 20
1.791 0.388 9.837 20
1.805 0.345 9.844 20
1.798 0.326 9.84 20
1.743 0.259 9.842 20
1.716 0.314 9.844 21
1.664 0.364 9.832 20
1.532 0.273 9.818 20
1.288 0.163 9.785 20
1.161 0.163 9.797 20
1.089 0.242 9.775 20
0.929 0.235 9.744 20
0.749 0.18 9.739 21
0.546 0.161 9.718 20
0.34 0.156 9.696 20
0.165 0.213 9.703 20
0.069 0.23 9.71 20
-0.157 0.218 9.698 20
-0.387 0.192 9.722 20
-0.523 0.12 9.727 21
-0.638 0.28 9.758 20
-0.646 0.369 9.737 20
-0.696 0.295 9.734 20
-0.847 0.235 9.737 20
-1.031 0.154 9.761 20
-1.122 0.204 9.768 20
-1.077 0.221 9.787 21
-1.031 0.23 9.794 20
-1.141 0.252 9.799 20
-1.282 0.182 9.823 20
-1.237 0.261 9.804 20
-1.112 0.276 9.782 20
-1.012 0.271 9.78 20
-1.1 0.345 9.765 21
-1.053 0.348 9.777 20
-0.758 0.199 9.732 20
-0.466 0.079 9.708 20
-0.492 0.237 9.698 20
-0.626 0.403 9.761 20
-0.521 0.154 9.753 20
-0.234 0.12 9.742 21
0.036 0.343 9.718 20
0.172 0.324 9.725 20
0.189 0.254 9.72 20
0.175 0.288 9.739 20
0.369 0.34 9.751 20
0.661 0.225 9.744 20
0.816 0.3 9.753 21
0.879 0.379 9.792 20
0.869 0.297 9.753 20
0.919 0.3 9.789 20
1.082 0.3 9.785 20
1.242 0.345 9.799 20
1.195 0.343 9.801 20
1.123 0.309 9.78 21
1.13 0.268 9.799 20
1.163 0.271 9.785 20
1.221 0.343 9.799 20
1.128 0.369 9.785 20
0.924 0.324 9.777 20
0.871 0.304 9.785 20
0.9 0.245 9.787 21
0.785 0.336 9.765 20
0.577 0.371 9.756 20
0.4 0.259 9.751 20
0.359 0.221 9.727 20
0.266 0.295 9.744 20
0.11 0.314 9.744 20
-0.109 0.228 9.732 21
-0.219 0.252 9.751 20
-0.291 0.218 9.72 20
-0.373 0.163 9.732 20
-0.421 0.228 9.763 20
-0.528 0.187 9.746 20
-0.617 0.213 9.78 20
-0.703 0.259 9.753 21
-0.72 0.161 9.751 20
-0.684 0.194 9.758 20
-0.693 0.242 9.768 20
-0.768 0.249 9.768 20
-0.828 0.201 9.77 20
-0.796 0.23 9.756 20
-0.691 0.307 9.761 21
-0.681 0.319 9.761 20
-0.732 0.331 9.768 20
-0.732 0.288 9.789 20
-0.6 0.302 9.78 20
-0.442 0.364 9.749 20
-0.337 0.321 9.732 20
-0.301 0.273 9.753 21
-0.284 0.333 9.775 20
-0.152 0.328 9.744 20
0.036 0.29 9.746 20
0.175 0.29 9.751 20
0.211 0.297 9.753 20
0.23 0.328 9.773 20
0.333 0.233 9.746 21
0.529 0.283 9.773 20
0.656 0.283 9.768 20
0.641 0.228 9.77 20
0.656 0.247 9.756 20
0.776 0.259 9.763 20
0.888 0.247 9.765 20
0.914 0.235 9.801 21
0.857 0.259 9.773 20
0.831 0.271 9.782 20
0.922 0.233 9.775 20
0.938 0.235 9.777 20
0.807 0.326 9.785 20
0.706 0.292 9.763 20
0.723 0.242 9.77 21
0.752 0.369 9.773 20
0.574 0.352 9.777 20
0.404 0.273 9.756 20
0.361 0.3 9.753 20
0.404 0.405 9.768 20
0.297 0.314 9.763 20
0.041 0.237 9.727 21
-0.081 0.379 9.746 20
-0.071 0.376 9.763 20
-0.131 0.249 9.742 20
-0.253 0.29 9.749 20
-0.358 0.328 9.753 20
-0.43 0.259 9.756 20
-0.428 0.199 9.734 21
-0.401 0.233 9.744 20
-0.483 0.273 9.77 20
-0.634 0.178 9.756 20
-0.641 0.192 9.763 20
-0.555 0.223 9.761 20
-0.538 0.216 9.775 20
-0.571 0.189 9.758 21
-0.591 0.187 9.765 20
-0.583 0.218 9.77 20
-0.488 0.216 9.761 20
-0.397 0.161 9.77 20
-0.389 0.242 9.775 20
-0.368 0.28 9.78 20
-0.296 0.213 9.768 21
-0.191 0.233 9.77 20
-0.088 0.278 9.751 20
-0.035 0.292 9.756 20
-0.006 0.257 9.763 20
0.093 0.302 9.758 20
0.22 0.355 9.746 20
0.318 0.307 9.756 21
0.371 0.297 9.749 20
0.416 0.367 9.768 20
0.488 0.369 9.753 20
0.56 0.304 9.768 20
0.62 0.288 9.785 20
0.651 0.359 9.804 20
0.663 0.336 9.775 21
0.673 0.264 9.775 20
0.747 0.309 9.782 20
0.747 0.309 9.785 20
0.646 0.278 9.792 20
0.608 0.273 9.749 20
0.677 0.297 9.775 20
0.622 0.268 9.782 21
0.527 0.225 9.751 20
0.479 0.242 9.761 20
0.438 0.28 9.763 20
0.393 0.228 9.756 20
0.313 0.209 9.768 20
0.184 0.271 9.773 20
0.074 0.3 9.751 21
0.048 0.249 9.77 20
-0.004 0.228 9.751 20
-0.102 0.264 9.742 20
-0.203 0.288 9.77 20
-0.253 0.247 9.765 20
-0.255 0.242 9.746 20
-0.308 0.235 9.758 21
-0.353 0.285 9.773 20
-0.406 0.249 9.753 20
-0.404 0.218 9.753 20
-0.399 0.266 9.78 20
-0.452 0.264 9.756 20
-0.476 0.242 9.763 20
-0.454 0.261 9.763 21
-0.418 0.3 9.756 20
-0.428 0.261 9.753 20
-0.394 0.266 9.746 20
-0.32 0.307 9.761 20
-0.272 0.29 9.785 20
-0.265 0.242 9.775 20
-0.224 0.264 9.763 21
-0.164 0.324 9.742 20
-0.083 0.273 9.765 20
0.007 0.254 9.763 20
0.048 0.312 9.742 20
0.064 0.292 9.77 20
0.153 0.261 9.77 20
0.254 0.288 9.763 21
0.373 0.276 9.775 20
0.385 0.261 9.765 20
0.385 0.261 9.761 20
0.438 0.268 9.773 20
0.515 0.261 9.775 20
0.589 0.249 9.777 20
0.589 0.264 9.77 21
0.574 0.276 9.777 20
0.57 0.266 9.785 20
0.596 0.268 9.78 20
0.606 0.283 9.763 20
0.543 0.285 9.763 20
0.51 0.295 9.785 20
0.474 0.292 9.77 21
0.44 0.292 9.775 20
0.412 0.3 9.768 20
0.352 0.316 9.758 20
0.275 0.3 9.773 20
0.203 0.312 9.773 20
0.127 0.338 9.773 20
0.1 0.309 9.773 21
0.036 0.276 9.763 20
-0.021 0.316 9.753 20
-0.09 0.319 9.753 20
-0.169 0.252 9.758 20
-0.21 0.24 9.777 20
-0.219 0.273 9.768 20
-0.241 0.273 9.782 21
-0.289 0.209 9.773 20
-0.296 0.216 9.758 20
-0.327 0.24 9.751 20
-0.349 0.223 9.773 20
-0.332 0.201 9.761 20
-0.334 0.228 9.763 20
-0.342 0.221 9.775 21
-0.346 0.209 9.761 20
-0.308 0.223 9.777 20
-0.26 0.261 9.782 20
-0.255 0.225 9.742 20
-0.224 0.23 9.751 20
-0.169 0.276 9.768 20
-0.133 0.271 9.753 21
-0.071 0.264 9.763 20
-0.021 0.264 9.768 20
0.021 0.319 9.753 20
0.05 0.3 9.763 20
0.127 0.314 9.753 20
0.203 0.328 9.739 20
0.299 0.295 9.765 21
0.306 0.314 9.785 20
0.268 0.35 9.758 20
0.335 0.309 9.756 20
0.472 0.257 9.777 20
0.524 0.278 9.777 20
0.445 0.314 9.77 20
0.426 0.283 9.78 20
0.495 0.252 9.785 21
0.57 0.29 9.77 20
0.555 0.309 9.78 20
0.455 0.292 9.77 20
0.393 0.266 9.763 20
0.443 0.29 9.768 20
0.445 0.297 9.77 21
0.359 0.259 9.775 20
0.258 0.271 9.768 20
0.206 0.292 9.777 20
0.22 0.264 9.768 20
0.184 0.271 9.763 20
0.079 0.254 9.756 20
0.064 0.304 9.773 20
0.057 0.307 9.773 21
-0.035 0.283 9.758 20
-0.14 0.304 9.749 20
-0.16 0.288 9.751 20
-0.169 0.268 9.753 20
-0.203 0.249 9.737 20
-0.251 0.242 9.746 21
-0.258 0.225 9.77 20
-0.243 0.221 9.768 20
-0.236 0.242 9.777 20
-0.306 0.166 9.765 20
-0.318 0.137 9.77 20
-0.267 0.257 9.763 20
-0.248 0.213 9.753 20
-0.243 0.144 9.749 21
-0.207 0.245 9.732 20
-0.172 0.273 9.753 20
-0.191 0.242 9.753 20
-0.16 0.242 9.734 20
-0.088 0.357 9.761 20
-0.049 0.362 9.768 20
-0.064 0.257 9.739 21
0.014 0.343 9.787 20
0.048 0.441 9.775 20
0.021 0.314 9.775 20
0.072 0.247 9.763 20
0.249 0.319 9.746 20
0.383 0.223 9.763 20
0.335 0.182 9.761 21
0.299 0.302 9.753 20
0.337 0.336 9.78 20
0.388 0.235 9.768 20
0.436 0.304 9.777 20
0.393 0.376 9.758 20
0.321 0.283 9.777 20
0.354 0.24 9.765 21
0.491 0.276 9.761 20
0.51 0.307 9.775 20
0.371 0.216 9.777 20
0.28 0.249 9.768 20
0.29 0.321 9.785 20
0.385 0.257 9.761 20
0.383 0.261 9.768 21
0.263 0.326 9.768 20
0.124 0.261 9.749 20
0.146 0.268 9.758 20
0.244 0.352 9.744 20
0.165 0.431 9.761 20
-0.073 0.288 9.756 20
-0.138 0.261 9.758 21
-0.025 0.374 9.775 20
0.036 0.273 9.763 20
-0.066 0.201 9.763 20
-0.203 0.199 9.756 20
-0.198 0.218 9.768 20
-0.131 0.192 9.761 20
-0.1 0.118 9.756 21
-0.186 0.185 9.753 20
-0.296 0.242 9.761 20
-0.282 0.163 9.792 20
-0.217 0.18 9.777 20
-0.174 0.242 9.756 20
-0.203 0.149 9.739 20
-0.136 0.101 9.751 21
-0.138 0.302 9.773 20
-0.186 0.319 9.77 20
-0.157 0.144 9.775 20
-0.061 0.168 9.739 20
0.093 0.264 9.732 20
0.117 0.407 9.763 20
-0.042 0.563 9.792 21
-0.09 0.484 9.789 20
-0.066 0.429 9.806 20
0.055 0.532 9.794 20
0.165 0.446 9.732 20
0.227 0.336 9.734 20
0.155 0.216 9.756 20
0.196 0.142 9.742 21
0.407 0.146 9.768 20
0.522 0.268 9.77 20
0.419 0.264 9.751 20
0.304 0.11 9.78 20
0.254 0.283 9.77 20
0.33 0.41 9.785 20
0.369 0.225 9.777 21
0.287 0.211 9.782 20
0.189 0.328 9.765 20
0.268 0.197 9.785 20
0.378 0.161 9.797 20
0.385 0.201 9.749 20
0.263 0.163 9.732 20
0.227 0.031 9.737 21
0.258 0.273 9.765 20
0.206 0.419 9.742 20
0.191 0.295 9.804 20
0.048 0.271 9.78 20
-0.052 0.491 9.749 20
-0.021 0.551 9.775 20
0.014 0.245 9.77 21
-0.016 0.336 9.777 20
-0.069 0.369 9.77 20
-0.152 0.357 9.768 20
-0.112 0.194 9.746 20
0.036 0.173 9.737 20
-0.006 0.307 9.742 20
-0.162 0.261 9.746 21
-0.253 0.297 9.782 20
-0.21 0.328 9.765 20
-0.176 0.304 9.758 20
-0.143 0.321 9.785 20
-0.205 0.233 9.773 20
-0.231 0.237 9.768 20
-0.179 0.209 9.744 20
-0.002 0.201 9.71 21
0.079 0.259 9.744 20
-0.059 0.18 9.765 20
-0.207 0.266 9.77 20
-0.128 0.273 9.756 20
0.117 0.189 9.768 20
0.213 0.225 9.744 20
0.084 0.398 9.792 21
-0.121 0.336 9.77 20
-0.037 0.087 9.758 20
0.28 0.268 9.768 20
0.381 0.324 9.758 20
0.213 0.216 9.773 20
0.033 0.218 9.765 20
0.199 0.257 9.756 21
0.467 0.271 9.765 20
0.397 0.324 9.763 20
0.122 0.352 9.78 20
0.132 0.247 9.782 20
0.34 0.312 9.765 20
0.469 0.395 9.775 20
0.316 0.326 9.768 21
0.115 0.316 9.775 20
0.191 0.307 9.765 20
0.371 0.336 9.773 20
0.309 0.4 9.782 20
0.1 0.247 9.744 20
0.11 0.175 9.749 20
0.292 0.333 9.787 21
0.273 0.348 9.78 20
-0.004 0.259 9.758 20
-0.102 0.211 9.763 20
0.069 0.336 9.763 20
0.16 0.23 9.77 20
-0.006 0.211 9.773 20
-0.191 0.271 9.785 21
-0.126 0.192 9.758 20
0.024 0.158 9.758 20
0.064 0.228 9.763 20
-0.095 0.266 9.777 20
-0.289 0.211 9.765 20
-0.224 0.247 9.753 20
0.029 0.221 9.761 21
0.062 0.259 9.749 20
-0.198 0.316 9.756 20
-0.294 0.259 9.768 20
-0.16 0.249 9.763 20
0.026 0.324 9.763 20
0.043 0.348 9.768 20
-0.148 0.304 9.77 21
-0.195 0.295 9.749 20
0.026 0.324 9.758 20
0.172 0.34 9.78 20
-0.004 0.328 9.797 20
-0.14 0.257 9.751 20
0.021 0.312 9.763 20
0.292 0.245 9.749 21
0.294 0.233 9.763 20
0.069 0.352 9.773 20
-0.09 0.381 9.749 20
0.225 0.137 9.773 20
0.462 0.249 9.765 20
0.263 0.427 9.763 20
0.045 0.209 9.756 21
0.091 0.106 9.768 20
0.385 0.324 9.763 20
0.515 0.304 9.751 20
0.227 0.127 9.753 20
0.06 0.249 9.77 20
0.194 0.34 9.775 20
0.383 0.144 9.765 21
0.294 0.225 9.761 20
0.127 0.34 9.773 20
0.1 0.228 9.751 20
0.22 0.166 9.763 20
0.268 0.304 9.77 20
0.112 0.35 9.763 20
-0.04 0.23 9.768 21
0.026 0.242 9.773 20
0.196 0.348 9.761 20
0.139 0.288 9.751 20
-0.057 0.252 9.765 20
-0.102 0.319 9.768 20
-0.004 0.331 9.753 20
0.086 0.254 9.742 21
0.017 0.309 9.787 20
-0.224 0.383 9.775 20
-0.277 0.233 9.787 20
-0.054 0.278 9.777 20
0.151 0.321 9.742 20
-0.033 0.314 9.749 20
-0.255 0.221 9.739 21
-0.157 0.292 9.756 20
0.0 0.336 9.775 20
0.007 0.201 9.749 20
-0.083 0.204 9.744 20
-0.102 0.309 9.751 20
-0.097 0.24 9.753 20
0.048 0.151 9.763 21
0.096 0.216 9.749 20
0.009 0.3 9.77 20
-0.076 0.225 9.765 20
0.005 0.185 9.758 20
0.211 0.216 9.775 20
0.225 0.237 9.765 20
0.05 0.304 9.761 21
-0.011 0.233 9.773 20
0.139 0.252 9.77 20
0.306 0.328 9.768 20
0.285 0.309 9.751 20
0.084 0.276 9.77 20
0.038 0.343 9.78 20
0.223 0.285 9.756 20
0.357 0.304 9.785 21
0.244 0.34 9.765 20
0.105 0.357 9.768 20
0.127 0.29 9.765 20
0.28 0.3 9.751 20
0.268 0.348 9.763 20
0.136 0.314 9.77 20
0.069 0.3 9.737 21
0.148 0.283 9.744 20
0.234 0.288 9.763 20
0.17 0.276 9.744 20
0.057 0.249 9.773 20
-0.037 0.252 9.775 20
0.041 0.192 9.763 20
0.196 0.221 9.77 21
0.122 0.292 9.761 20
-0.119 0.278 9.77 20
-0.152 0.182 9.77 20
0.009 0.223 9.765 20
0.11 0.3 9.765 20
-0.033 0.221 9.758 20
-0.131 0.192 9.773 21
-0.116 0.28 9.785 20
-0.047 0.168 9.765 20
-0.002 0.103 9.773 20
-0.047 0.216 9.77 20
-0.095 0.292 9.749 20
-0.033 0.189 9.756 20
0.041 0.228 9.746 21
-0.018 0.35 9.758 20
-0.088 0.321 9.765 20
-0.09 0.235 9.765 20
0.069 0.333 9.761 20
0.112 0.352 9.737 20
0.079 0.28 9.77 20
0.0 0.393 9.785 21
-0.014 0.427 9.777 20
0.031 0.34 9.77 20
0.17 0.297 9.734 20
0.251 0.429 9.761 20
0.108 0.359 9.773 20
-0.025 0.206 9.773 20
0.103 0.271 9.768 21
0.28 0.345 9.77 20
0.285 0.285 9.77 20
0.132 0.213 9.749 20
0.06 0.273 9.751 20
0.143 0.247 9.761 20
0.333 0.216 9.77 20
0.246 0.242 9.753 21
0.115 0.204 9.768 20
0.067 0.223 9.765 20
0.179 0.213 9.756 20
0.263 0.209 9.753 20
0.148 0.211 9.77 20
0.033 0.221 9.775 20
0.096 0.213 9.782 21
0.148 0.206 9.763 20
0.143 0.268 9.753 20
0.069 0.288 9.758 20
-0.021 0.271 9.765 20
0.012 0.3 9.773 20
0.084 0.319 9.753 20
0.031 0.34 9.787 21
-0.037 0.28 9.768 20
-0.064 0.302 9.746 20
0.012 0.383 9.768 20
0.012 0.302 9.746 20
-0.061 0.312 9.768 20
-0.081 0.359 9.758 20
-0.071 0.304 9.77 20
-0.03 0.285 9.77 21
-0.016 0.316 9.756 20
-0.054 0.338 9.78 20
-0.064 0.254 9.756 20
-0.03 0.242 9.758 20
0.007 0.288 9.763 20
0.017 0.247 9.777 20
-0.004 0.216 9.768 21
0.009 0.228 9.751 20
0.038 0.211 9.749 20
0.079 0.23 9.773 20
0.036 0.197 9.761 20
0.036 0.233 9.768 20
0.103 0.209 9.77 20
0.139 0.194 9.758 21
0.103 0.257 9.765 20
0.103 0.249 9.746 20
0.117 0.247 9.768 20
0.158 0.235 9.758 20
0.165 0.292 9.751 20
0.132 0.328 9.763 20
0.139 0.268 9.761 21
0.16 0.314 9.775 20
0.179 0.338 9.782 20
0.163 0.312 9.768 20
0.146 0.34 9.768 20
0.141 0.319 9.758 20
0.141 0.321 9.761 20
0.175 0.328 9.782 21
0.124 0.324 9.763 20
0.069 0.34 9.777 20
0.096 0.28 9.773 20
0.134 0.3 9.765 20
0.122 0.309 9.789 20
0.057 0.276 9.765 20
0.026 0.271 9.761 21
0.067 0.252 9.751 20
0.098 0.266 9.785 20
0.043 0.225 9.763 20
-0.011 0.245 9.761 20
-0.002 0.252 9.758 20
0.053 0.194 9.749 20
0.055 0.218 9.777 21
-0.016 0.245 9.765 20
-0.064 0.209 9.773 20
-0.004 0.209 9.765 20
0.038 0.237 9.761 20
0.007 0.249 9.768 20
-0.049 0.23 9.756 20
-0.016 0.273 9.768 21
0.021 0.297 9.763 20
0.014 0.261 9.773 20
-0.025 0.28 9.777 20
-0.011 0.328 9.77 20
0.012 0.307 9.749 20
0.033 0.288 9.765 20
0.053 0.326 9.758 21
0.06 0.321 9.768 20
0.041 0.285 9.751 20
0.079 0.324 9.746 20
0.129 0.345 9.768 20
0.079 0.278 9.775 20
0.069 0.29 9.763 20
0.115 0.326 9.765 21
0.153 0.278 9.77 20
0.064 0.429 9.897 20
0.278 0.268 9.454 20
0.117 0.089 9.823 20
0.103 0.506 9.969 20
0.263 0.067 9.66 20
0.081 0.209 9.737 21
-0.006 0.364 9.813 20
0.194 -0.054 9.715 20
0.187 0.388 9.806 20
0.129 0.158 9.732 20
0.105 0.154 9.763 20
0.057 0.29 9.787 20
0.11 0.072 9.727 21
0.163 0.405 9.801 20
0.069 0.197 9.751 20
-0.023 0.249 9.761 20
0.062 0.338 9.794 20
0.155 0.168 9.73 20
0.057 0.419 9.801 20
-0.021 0.245 9.761 21
0.017 0.312 9.746 20
0.062 0.386 9.768 20
0.086 0.225 9.734 20
-0.011 0.441 9.787 20
-0.078 0.304 9.756 20
-0.002 0.316 9.763 20
0.076 0.371 9.787 21
0.021 0.276 9.739 20
-0.035 0.403 9.768 20
-0.006 0.242 9.758 20
0.014 0.29 9.763 20
0.026 0.333 9.775 20
0.026 0.211 9.751 20
0.005 0.309 9.785 21
0.033 0.225 9.763 20
0.031 0.259 9.768 20
0.033 0.249 9.777 20
0.05 0.185 9.765 20
0.069 0.271 9.785 20
0.062 0.168 9.756 20
0.05 0.209 9.765 21
0.055 0.381 9.861 20
0.345 0.3 9.555 20
0.146 0.142 9.885 20
0.036 0.369 9.902 20
0.146 0.12 9.667 20
0.117 0.249 9.77 20
0.014 0.309 9.806 21
0.021 0.096 9.739 20
0.074 0.424 9.801 20
0.069 0.144 9.744 20
0.117 0.252 9.775 20
0.139 0.331 9.763 20
0.112 0.106 9.739 20
0.043 0.371 9.799 21

# Completed @Tue Aug 01 23:44:41 GMT+08:00 2017
