# Accelerometer Data File
# Started @Tue Aug 01 23:45:42 GMT+08:00 2017
#
#
# sensor Vendor: BOSCH
# sensor Name: LGE Accelerometer
# sensor Resolution: 0.0023956299m/sec^2; Max Range: 78.4532; Min Delay: 2500 microseconds
# The sensor's attributes are the result hardware and the Android capabilities.
# It means that the Android may not utilize all features provided by the hardware.
#
# Some devices and Android versions save battery too much so the device may go to sleep.
# It just happens after couple of minutes from turning off the scree and it is easy to find it out.
#
# The following file provides the data from accelerometer in the m/s^2 format.
# The diff value is just a time delta between the samples
#
#
# data format:
# so we have 4 columns with values separated by the " "
# X Y Z time_from_previous_sample(ms)

# sensor speed set to:GAME
# units set to: m/sec^2
# gravity NOT filtered out
# Accuracy: HIGH
0.139 0.261 9.761 0
0.127 0.249 9.753 20
0.093 0.312 9.77 20
0.136 0.245 9.765 20
0.117 0.252 9.758 20
0.069 0.333 9.768 20
0.093 0.292 9.765 20
0.103 0.261 9.77 20
0.079 0.316 9.768 21
0.11 0.29 9.758 20
0.11 0.266 9.775 20
0.074 0.314 9.78 20
0.084 0.29 9.758 20
0.079 0.302 9.775 20
0.072 0.326 9.785 20
0.108 0.297 9.753 21
0.105 0.271 9.761 20
0.06 0.314 9.761 20
0.093 0.348 9.761 20
0.1 0.307 9.765 20
0.074 0.319 9.758 20
0.096 0.3 9.78 20
0.112 0.302 9.756 21
0.1 0.316 9.77 20
0.12 0.29 9.758 20
0.122 0.292 9.777 20
0.091 0.292 9.768 20
0.103 0.29 9.756 20
0.129 0.295 9.78 20
0.124 0.295 9.777 21
0.132 0.268 9.763 20
0.136 0.276 9.761 20
0.129 0.292 9.777 20
0.127 0.29 9.785 20
0.122 0.288 9.756 20
0.127 0.29 9.761 20
0.124 0.295 9.761 21
0.136 0.278 9.765 20
0.129 0.297 9.775 20
0.124 0.285 9.753 20
0.112 0.288 9.758 20
0.103 0.309 9.775 20
0.127 0.3 9.756 20
0.103 0.316 9.758 21
0.129 0.321 9.765 20
0.062 0.271 9.789 20
0.12 0.204 9.758 20
0.16 0.355 9.777 20
0.033 0.309 9.775 20
-0.042 0.158 9.77 20
0.223 0.295 9.78 21
0.34 0.403 9.751 20
0.155 0.225 9.761 20
-0.104 0.309 9.768 20
-0.203 0.448 9.761 20
0.211 0.228 9.761 20
0.553 0.206 9.761 20
0.254 0.738 9.789 21
0.069 0.498 9.785 20
0.34 -0.169 9.763 20
0.436 0.168 9.691 20
0.179 0.434 9.648 20
-0.327 0.448 9.586 20
-0.435 0.575 9.583 20
-0.327 0.386 9.9 21
-0.811 0.506 9.641 20
-1.333 0.865 9.648 20
-1.682 0.314 9.227 20
-1.474 0.106 9.349 20
-1.994 1.111 8.889 20
-2.879 1.406 10.527 20
-3.657 0.084 9.399 21
-3.504 -0.607 9.818 20
-2.563 -0.02 9.641 20
-2.537 0.166 10.072 20
-4.393 -0.43 10.129 20
-5.827 -0.178 11.015 20
-5.204 -0.825 10.45 20
-3.442 -1.009 9.799 21
-2.855 -0.482 10.606 20
-3.945 -0.875 10.371 20
-5.367 -1.21 10.761 20
-6.31 -0.114 9.943 20
-0.468 -1.768 7.407 20
4.755 -1.581 8.305 20
4.657 -0.26 8.882 21
1.211 0.666 9.215 20
0.021 -0.233 8.576 20
3.167 -0.056 8.619 20
6.821 0.764 9.674 20
7.427 1.152 10.623 20
5.011 0.781 9.99 21
2.995 1.298 9.272 20
5.083 1.195 9.634 20
8.576 0.86 11.42 20
9.076 -0.14 11.506 20
4.987 1.671 10.601 20
3.694 1.375 9.753 20
4.922 1.217 10.165 20
5.432 1.535 10.733 21
4.989 0.676 10.584 20
3.452 1.085 9.77 20
2.849 1.291 9.37 20
3.732 0.134 9.832 20
3.589 0.3 10.62 20
3.658 0.759 9.792 20
2.686 -0.097 9.5 21
1.918 -0.518 9.246 20
1.532 0.031 9.22 20
1.446 -0.092 9.239 20
0.986 -0.612 9.346 20
-0.049 -0.205 9.105 20
-0.909 0.194 9.188 20
-1.622 -0.135 9.313 21
-2.166 -0.76 9.323 20
-2.683 -0.248 9.454 20
-2.949 -0.128 9.43 20
-3.715 -0.681 9.631 20
-4.483 -0.856 9.904 20
-4.622 -0.698 9.983 20
-4.251 -0.549 9.928 21
-3.447 -0.252 9.959 20
-2.877 0.103 9.885 20
-2.855 0.302 10.06 20
-2.429 0.084 10.12 20
-1.754 0.036 10.0 20
-1.637 0.398 9.72 20
-1.488 0.192 9.749 21
-1.656 -0.226 9.883 20
-2.41 -0.123 10.072 20
-2.549 -0.109 9.993 20
-2.424 0.089 9.773 20
-3.801 0.295 10.22 20
-3.152 0.683 9.208 20
-1.546 0.719 9.67 21
-1.314 0.022 9.478 20
-1.917 0.762 9.971 20
-0.325 0.546 9.392 20
1.839 0.424 9.457 20
1.973 0.611 9.569 20
1.494 0.28 9.643 20
1.69 0.022 9.713 21
1.834 0.18 9.612 20
2.049 0.362 9.694 20
2.076 0.065 9.794 20
0.749 -0.226 9.823 20
-0.564 -0.054 9.574 20
-0.303 -0.169 9.576 20
0.182 -0.001 9.686 21
0.321 0.458 9.777 20
0.505 0.127 9.725 20
0.876 -0.109 9.73 20
1.161 0.381 9.701 20
2.222 0.271 9.88 20
2.916 -0.001 9.993 20
3.658 -0.078 10.958 21
2.93 0.041 8.013 20
3.074 0.094 10.63 20
2.586 0.333 10.139 20
2.88 0.551 9.919 20
2.088 0.235 9.914 20
0.934 0.17 9.732 20
0.359 0.618 9.686 21
0.922 0.395 9.809 20
1.027 0.302 9.861 20
-0.025 0.647 9.662 20
-0.93 0.541 9.6 20
-0.018 0.35 9.73 20
1.321 0.506 9.854 20
2.095 0.46 9.842 21
1.716 0.259 9.718 20
1.12 0.422 9.655 20
1.355 0.529 9.756 20
2.001 0.324 9.694 20
1.889 0.278 9.639 20
0.78 0.328 9.583 20
-0.217 0.144 9.612 21
-0.574 0.125 9.679 20
-0.547 0.242 9.634 20
-0.686 0.154 9.572 20
-1.507 0.012 9.674 20
-2.571 0.166 9.785 20
-2.894 0.223 9.911 20
-2.3 0.07 9.809 21
-1.807 -0.056 9.746 20
-1.95 -0.063 9.789 20
-2.331 -0.142 9.904 20
-2.142 -0.209 9.981 20
-1.627 0.034 9.897 20
-1.12 0.146 9.765 21
-1.007 0.008 9.782 20
-1.366 0.029 9.83 20
-1.474 0.048 9.897 20
-1.333 0.084 9.821 20
-1.541 0.115 9.768 20
-1.955 0.118 9.837 20
-2.401 0.161 9.809 20
-2.697 0.218 9.799 21
-2.506 0.304 9.742 20
-2.104 0.359 9.631 20
-1.807 0.381 9.643 20
-1.536 0.412 9.629 20
-1.096 0.477 9.572 20
-0.394 0.465 9.516 21
0.16 0.544 9.54 20
0.553 0.561 9.574 20
0.855 0.448 9.583 20
1.19 0.359 9.586 20
1.563 0.278 9.648 20
1.954 0.3 9.727 20
2.195 0.3 9.758 21
2.301 0.173 9.799 20
2.296 0.144 9.842 20
2.361 0.149 9.878 20
2.442 0.156 9.947 20
2.722 0.185 9.979 20
2.89 0.149 10.038 20
2.993 0.017 10.01 21
3.033 0.039 10.01 20
3.177 0.151 10.031 20
3.483 0.139 10.043 20
3.629 0.11 10.05 20
3.519 0.139 9.94 20
3.347 0.134 9.909 20
3.165 0.158 9.828 20
2.684 0.331 9.73 21
2.274 0.383 9.634 20
1.91 0.271 9.555 20
1.436 0.319 9.521 20
0.833 0.501 9.471 20
0.273 0.546 9.449 20
-0.243 0.482 9.464 21
-0.523 0.364 9.488 20
-0.691 0.438 9.478 20
-0.971 0.606 9.545 20
-1.546 0.496 9.607 20
-2.003 0.144 9.627 20
-2.204 0.022 9.708 20
-2.36 0.12 9.751 21
-2.575 0.17 9.77 20
-2.949 0.218 9.811 20
-3.485 0.187 9.955 20
-3.732 0.034 10.014 20
-3.863 0.106 10.024 20
-3.727 0.302 10.012 20
-3.574 0.328 9.952 21
-3.557 0.003 9.99 20
-3.624 -0.188 10.019 20
-3.49 -0.047 9.971 20
-2.982 0.099 9.842 20
-2.532 0.113 9.667 20
-2.216 0.091 9.631 20
-1.962 0.094 9.636 20
-1.709 0.278 9.627 21
-1.057 0.35 9.569 20
-0.337 0.156 9.445 20
0.158 0.175 9.44 20
0.483 0.45 9.485 20
0.646 0.513 9.533 20
0.993 0.355 9.538 21
1.578 0.438 9.536 20
2.167 0.455 9.686 20
2.552 0.374 9.727 20
2.49 0.501 9.782 20
2.502 0.57 9.742 20
2.794 0.46 9.83 20
3.203 0.288 9.926 21
3.419 0.321 10.022 20
3.316 0.326 9.979 20
3.06 0.252 10.012 20
2.894 -0.042 9.955 20
3.014 -0.118 9.947 20
3.062 0.154 10.031 20
2.902 -0.123 9.933 21
2.382 -0.075 9.866 20
2.033 0.015 9.777 20
1.827 -0.118 9.792 20
1.53 -0.061 9.722 20
1.329 0.17 9.708 20
0.981 0.163 9.713 20
0.436 0.412 9.698 21
0.165 0.642 9.615 20
0.007 0.29 9.646 20
-0.363 0.043 9.66 20
-0.665 0.223 9.73 20
-0.765 0.273 9.581 20
-0.665 0.245 9.557 20
-0.38 0.41 9.605 21
-0.95 0.41 9.756 20
-1.941 -0.13 9.773 20
-1.898 0.046 9.749 20
-1.021 0.295 9.792 20
-0.825 -0.02 9.696 20
-1.321 0.041 9.686 20
-1.548 0.304 9.864 21
-1.615 0.273 9.823 20
-1.292 -0.001 9.871 20
-0.986 0.192 9.73 20
-1.048 0.465 9.78 20
-1.371 0.419 9.809 20
-1.299 0.273 9.801 20
-1.098 0.419 9.809 21
-1.067 0.424 9.792 20
-1.026 0.3 9.782 20
-1.021 0.424 9.761 20
-0.887 0.417 9.785 20
-0.693 0.192 9.739 20
-0.55 0.23 9.718 20
-0.425 0.333 9.744 21
-0.32 0.235 9.753 20
-0.167 0.137 9.737 20
0.112 0.189 9.73 20
0.251 0.24 9.725 20
0.306 0.187 9.737 20
0.318 0.146 9.732 20
0.299 0.166 9.744 21
0.333 0.209 9.751 20
0.357 0.23 9.749 20
0.251 0.211 9.71 20
0.184 0.185 9.744 20
0.237 0.209 9.746 20
0.285 0.288 9.761 20
0.371 0.3 9.77 21
0.457 0.276 9.792 20
0.534 0.381 9.758 20
0.598 0.343 9.765 20
0.742 0.338 9.806 20
0.857 0.369 9.792 20
0.912 0.338 9.792 20
0.97 0.271 9.794 21
1.063 0.23 9.773 20
1.07 0.271 9.813 20
1.027 0.257 9.811 20
1.027 0.173 9.806 20
0.989 0.173 9.83 20
0.955 0.182 9.794 20
0.929 0.158 9.794 21
0.962 0.134 9.804 20
0.965 0.166 9.785 20
0.95 0.166 9.775 20
1.001 0.139 9.78 20
1.025 0.206 9.794 20
1.01 0.261 9.773 20
0.984 0.237 9.753 21
0.9 0.278 9.765 20
0.819 0.283 9.727 20
0.723 0.285 9.732 20
0.558 0.328 9.718 20
0.313 0.336 9.691 20
0.163 0.276 9.706 20
-0.054 0.28 9.71 21
-0.229 0.312 9.71 20
-0.358 0.321 9.73 20
-0.509 0.333 9.701 20
-0.636 0.333 9.727 20
-0.784 0.233 9.758 20
-0.921 0.154 9.758 20
-1.026 0.233 9.768 21
-1.084 0.254 9.785 20
-1.163 0.154 9.768 20
-1.285 0.072 9.758 20
-1.421 0.101 9.813 20
-1.551 0.13 9.804 20
-1.598 0.173 9.797 20
-1.555 0.194 9.797 21
-1.584 0.211 9.804 20
-1.666 0.158 9.792 20
-1.668 0.178 9.801 20
-1.505 0.264 9.782 20
-1.259 0.259 9.761 20
-1.11 0.242 9.715 20
-1.038 0.297 9.71 21
-0.861 0.314 9.73 20
-0.588 0.333 9.698 20
-0.291 0.374 9.667 20
-0.066 0.395 9.689 20
0.105 0.398 9.686 20
0.349 0.415 9.703 20
0.682 0.436 9.696 21
0.919 0.424 9.698 20
1.154 0.395 9.746 20
1.35 0.328 9.761 20
1.468 0.245 9.792 20
1.637 0.268 9.775 20
1.839 0.213 9.837 20
1.982 0.189 9.825 21
1.994 0.161 9.852 20
2.004 0.091 9.868 20
2.033 0.067 9.859 20
2.085 0.079 9.871 20
2.088 0.077 9.854 20
2.018 0.034 9.847 20
1.846 0.031 9.835 21
1.673 0.067 9.801 20
1.525 0.108 9.773 20
1.307 0.13 9.758 20
1.075 0.175 9.744 20
0.826 0.223 9.725 20
0.536 0.261 9.715 20
0.249 0.316 9.701 21
-0.009 0.324 9.698 20
-0.258 0.319 9.691 20
-0.504 0.355 9.677 20
-0.624 0.352 9.72 20
-0.725 0.424 9.708 20
-0.804 0.415 9.737 20
-0.93 0.422 9.727 21
-1.072 0.333 9.763 20
-1.256 0.252 9.773 20
-1.345 0.216 9.789 20
-1.302 0.257 9.77 20
-1.256 0.292 9.78 20
-1.311 0.235 9.773 20
-1.373 0.156 9.794 21
-1.395 0.199 9.792 20
-1.381 0.283 9.787 20
-1.218 0.288 9.775 20
-1.079 0.257 9.765 20
-1.002 0.235 9.763 20
-0.875 0.204 9.775 20
-0.717 0.199 9.758 21
-0.591 0.242 9.742 20
-0.411 0.242 9.72 20
-0.27 0.223 9.732 20
-0.172 0.23 9.725 20
-0.04 0.278 9.732 20
0.177 0.247 9.739 20
0.347 0.257 9.727 21
0.443 0.295 9.725 20
0.558 0.261 9.739 20
0.646 0.307 9.746 20
0.754 0.324 9.744 20
0.864 0.278 9.763 20
0.924 0.309 9.77 20
0.95 0.304 9.773 21
0.974 0.271 9.828 20
0.931 0.24 9.797 20
0.922 0.266 9.777 20
0.943 0.288 9.809 20
0.922 0.242 9.811 20
0.828 0.221 9.799 20
0.761 0.213 9.78 21
0.737 0.204 9.765 20
0.697 0.221 9.763 20
0.639 0.235 9.787 20
0.562 0.178 9.77 20
0.483 0.17 9.756 20
0.419 0.228 9.753 20
0.407 0.266 9.763 21
0.292 0.247 9.763 20
0.165 0.23 9.758 20
0.103 0.247 9.73 20
0.081 0.292 9.753 20
0.053 0.314 9.753 20
0.0 0.29 9.763 20
-0.023 0.249 9.753 21
-0.078 0.273 9.761 20
-0.093 0.285 9.77 20
-0.054 0.302 9.746 20
-0.049 0.29 9.765 20
-0.071 0.28 9.763 20
-0.088 0.271 9.751 20
-0.073 0.276 9.763 21
-0.061 0.278 9.761 20
-0.059 0.271 9.744 20
-0.081 0.225 9.761 20
-0.107 0.225 9.77 20
-0.14 0.225 9.761 20
-0.148 0.218 9.753 20
-0.174 0.24 9.761 21
-0.215 0.235 9.768 20
-0.253 0.209 9.775 20
-0.291 0.23 9.765 20
-0.277 0.254 9.763 20
-0.296 0.254 9.756 20
-0.296 0.211 9.787 20
-0.318 0.228 9.763 21
-0.361 0.254 9.775 20
-0.361 0.266 9.787 20
-0.368 0.273 9.768 20
-0.377 0.252 9.758 20
-0.406 0.24 9.751 20
-0.421 0.259 9.749 20
-0.394 0.278 9.749 21
-0.353 0.259 9.761 20
-0.327 0.249 9.737 20
-0.31 0.257 9.753 20
-0.267 0.264 9.739 20
-0.2 0.278 9.746 20
-0.128 0.297 9.744 20
-0.04 0.29 9.744 21
0.053 0.278 9.751 20
0.146 0.28 9.756 20
0.256 0.285 9.773 20
0.397 0.278 9.746 20
0.491 0.271 9.768 20
0.589 0.259 9.763 20
0.67 0.242 9.763 21
0.759 0.209 9.787 20
0.85 0.221 9.773 20
0.898 0.228 9.777 20
0.919 0.225 9.773 20
0.977 0.221 9.782 20
1.001 0.237 9.794 20
1.02 0.242 9.794 21
1.003 0.252 9.789 20
0.991 0.249 9.782 20
0.958 0.249 9.78 20
0.883 0.247 9.78 20
0.807 0.259 9.758 20
0.709 0.278 9.785 20
0.594 0.276 9.761 21
0.486 0.292 9.727 20
0.366 0.312 9.744 20
0.225 0.292 9.737 20
0.086 0.3 9.744 20
-0.054 0.285 9.732 20
-0.198 0.283 9.725 20
-0.31 0.288 9.749 21
-0.428 0.252 9.756 20
-0.519 0.23 9.763 20
-0.605 0.218 9.775 20
-0.689 0.257 9.761 20
-0.737 0.24 9.775 20
-0.787 0.228 9.775 20
-0.789 0.194 9.773 21
-0.82 0.166 9.765 20
-0.849 0.168 9.758 20
-0.854 0.209 9.785 20
-0.828 0.209 9.77 20
-0.787 0.199 9.785 20
-0.744 0.199 9.765 20
-0.696 0.225 9.756 21
-0.624 0.233 9.758 20
-0.495 0.249 9.773 20
-0.394 0.242 9.756 20
-0.296 0.235 9.746 20
-0.2 0.242 9.749 20
-0.088 0.271 9.744 20
0.045 0.285 9.732 20
0.165 0.268 9.727 21
0.282 0.273 9.756 20
0.407 0.285 9.756 20
0.495 0.3 9.756 20
0.584 0.302 9.758 20
0.682 0.292 9.768 20
0.749 0.292 9.761 21
0.79 0.302 9.789 20
0.835 0.271 9.765 20
0.862 0.3 9.765 20
0.905 0.3 9.773 20
0.922 0.268 9.77 20
0.869 0.273 9.785 20
0.84 0.276 9.777 21
0.811 0.245 9.78 20
0.766 0.259 9.77 20
0.701 0.268 9.756 20
0.625 0.235 9.77 20
0.512 0.237 9.777 20
0.443 0.257 9.751 20
0.388 0.259 9.746 21
0.28 0.266 9.761 20
0.158 0.271 9.756 20
0.084 0.268 9.761 20
0.014 0.285 9.768 20
-0.057 0.29 9.763 20
-0.133 0.257 9.761 20
-0.21 0.257 9.763 20
-0.263 0.268 9.744 21
-0.289 0.235 9.758 20
-0.296 0.225 9.765 20
-0.33 0.24 9.765 20
-0.342 0.211 9.768 20
-0.353 0.197 9.773 20
-0.346 0.206 9.751 21
-0.344 0.189 9.765 20
-0.337 0.175 9.765 20
-0.303 0.211 9.753 20
-0.291 0.223 9.753 20
-0.265 0.233 9.753 20
-0.231 0.245 9.765 20
-0.219 0.249 9.753 21
-0.203 0.264 9.77 20
-0.169 0.295 9.765 20
-0.114 0.307 9.749 20
-0.109 0.29 9.746 20
-0.095 0.283 9.78 20
-0.045 0.316 9.773 20
0.007 0.319 9.77 21
0.036 0.304 9.77 20
0.036 0.312 9.753 20
0.064 0.319 9.77 20
0.088 0.304 9.763 20
0.096 0.276 9.749 20
0.132 0.276 9.768 20
0.122 0.245 9.761 20
0.134 0.225 9.753 21
0.155 0.268 9.763 20
0.172 0.237 9.768 20
0.146 0.216 9.775 20
0.136 0.247 9.761 20
0.103 0.242 9.746 20
0.187 0.261 9.763 21
0.223 0.228 9.761 20
0.189 0.218 9.751 20
0.194 0.273 9.78 20
0.211 0.247 9.787 20
0.249 0.209 9.765 20
0.316 0.252 9.78 20
0.311 0.252 9.782 21
0.316 0.233 9.77 20
0.359 0.249 9.765 20
0.402 0.283 9.789 20
0.4 0.24 9.77 20
0.359 0.242 9.775 20
0.337 0.242 9.768 20
0.385 0.23 9.758 21
0.419 0.257 9.765 20
0.4 0.249 9.768 20
0.349 0.268 9.761 20
0.321 0.268 9.765 20
0.323 0.271 9.768 20
0.304 0.288 9.777 20
0.249 0.285 9.768 20
0.182 0.283 9.763 21
0.167 0.278 9.751 20
0.129 0.252 9.758 20
0.072 0.288 9.773 20
0.026 0.288 9.758 20
-0.052 0.268 9.763 20
-0.097 0.264 9.763 21
-0.138 0.276 9.763 20
-0.195 0.266 9.761 20
-0.243 0.242 9.758 20
-0.27 0.254 9.775 20
-0.308 0.249 9.765 20
-0.33 0.228 9.77 20
-0.344 0.237 9.765 20
-0.349 0.245 9.763 21
-0.389 0.23 9.777 20
-0.382 0.233 9.773 20
-0.37 0.237 9.768 20
-0.358 0.242 9.773 20
-0.33 0.24 9.768 20
-0.296 0.237 9.78 20
-0.267 0.245 9.773 21
-0.227 0.24 9.758 20
-0.181 0.237 9.746 20
-0.128 0.237 9.763 20
-0.069 0.252 9.763 20
0.021 0.242 9.761 20
0.064 0.235 9.739 20
0.127 0.259 9.756 21
0.199 0.268 9.763 20
0.263 0.242 9.765 20
0.342 0.247 9.787 20
0.407 0.261 9.758 20
0.452 0.271 9.77 20
0.491 0.268 9.765 20
0.531 0.271 9.758 21
0.562 0.266 9.782 20
0.591 0.271 9.785 20
0.613 0.29 9.773 20
0.608 0.295 9.78 20
0.606 0.29 9.768 20
0.589 0.304 9.785 20
0.553 0.295 9.765 21
0.524 0.29 9.763 20
0.476 0.268 9.78 20
0.428 0.276 9.765 20
0.366 0.28 9.744 20
0.313 0.271 9.758 20
0.249 0.271 9.782 20
0.172 0.245 9.763 21
0.112 0.252 9.758 20
0.041 0.252 9.753 20
-0.002 0.247 9.751 20
-0.069 0.237 9.756 20
-0.128 0.235 9.744 20
-0.184 0.218 9.744 20
-0.224 0.218 9.761 21
-0.243 0.213 9.761 20
-0.265 0.213 9.761 20
-0.279 0.197 9.761 20
-0.296 0.204 9.763 20
-0.294 0.216 9.763 20
-0.296 0.213 9.777 20
-0.294 0.233 9.768 21
-0.279 0.23 9.775 20
-0.267 0.237 9.77 20
-0.253 0.254 9.77 20
-0.241 0.257 9.768 20
-0.2 0.266 9.758 20
-0.174 0.273 9.773 20
-0.126 0.261 9.758 21
-0.093 0.266 9.753 20
-0.047 0.266 9.77 20
-0.006 0.276 9.77 20
0.045 0.271 9.777 20
0.076 0.273 9.768 20
0.108 0.264 9.765 20
0.141 0.28 9.765 21
0.167 0.283 9.77 20
0.211 0.273 9.753 20
0.246 0.261 9.768 20
0.261 0.249 9.773 20
0.275 0.242 9.756 20
0.316 0.237 9.765 20
0.318 0.233 9.763 21
0.321 0.245 9.763 20
0.321 0.245 9.756 20
0.304 0.237 9.765 20
0.323 0.228 9.756 20
0.313 0.24 9.765 20
0.282 0.252 9.765 20
0.287 0.249 9.758 21
0.251 0.254 9.765 20
0.218 0.28 9.758 20
0.234 0.283 9.742 20
0.211 0.28 9.77 20
0.191 0.288 9.789 20
0.16 0.288 9.756 20
0.143 0.288 9.765 21
0.127 0.278 9.78 20
0.108 0.261 9.768 20
0.098 0.254 9.761 20
0.093 0.237 9.761 20
0.074 0.233 9.773 20
0.053 0.24 9.768 20
0.041 0.223 9.773 21
0.031 0.225 9.744 20
0.029 0.228 9.773 20
0.007 0.197 9.777 20
0.012 0.211 9.765 20
-0.002 0.223 9.77 20
-0.006 0.233 9.744 20
-0.014 0.233 9.775 21
-0.016 0.249 9.777 20
-0.025 0.257 9.761 20
-0.021 0.259 9.756 20
-0.042 0.252 9.758 20
-0.061 0.28 9.761 20
-0.066 0.271 9.765 20
-0.061 0.285 9.773 21
-0.093 0.29 9.756 20
-0.064 0.288 9.761 20
-0.078 0.288 9.758 20
-0.085 0.283 9.768 20
-0.081 0.273 9.782 20
-0.069 0.278 9.761 20
-0.066 0.271 9.761 21
-0.059 0.266 9.768 20
-0.04 0.242 9.789 20
-0.03 0.237 9.77 20
-0.009 0.216 9.749 20
-0.016 0.223 9.763 20
0.002 0.218 9.756 20
0.043 0.218 9.768 21
0.053 0.223 9.758 20
0.081 0.221 9.753 20
0.096 0.218 9.756 20
0.108 0.218 9.768 20
0.148 0.228 9.768 20
0.155 0.223 9.765 20
0.17 0.247 9.758 21
0.196 0.235 9.78 20
0.218 0.245 9.761 20
0.242 0.264 9.753 20
0.266 0.278 9.765 20
0.278 0.271 9.763 20
0.282 0.283 9.77 20
0.285 0.292 9.761 21
0.292 0.273 9.77 20
0.29 0.273 9.765 20
0.27 0.285 9.773 20
0.268 0.278 9.765 20
0.256 0.285 9.756 20
0.225 0.297 9.763 20
0.208 0.283 9.763 21
0.194 0.276 9.761 20
0.165 0.257 9.765 20
0.136 0.273 9.756 20
0.112 0.271 9.768 20
0.091 0.261 9.753 20
0.067 0.247 9.77 20
0.05 0.233 9.775 21
0.0 0.237 9.749 20
-0.021 0.245 9.761 20
-0.028 0.245 9.763 20
-0.047 0.245 9.758 20
-0.09 0.235 9.765 20
-0.097 0.237 9.787 20
-0.109 0.223 9.758 21
-0.121 0.235 9.756 20
-0.126 0.252 9.773 20
-0.136 0.254 9.775 20
-0.128 0.247 9.77 20
-0.136 0.254 9.763 20
-0.116 0.268 9.768 20
-0.116 0.259 9.773 21
-0.128 0.271 9.782 20
-0.09 0.259 9.77 20
-0.061 0.249 9.753 20
-0.045 0.237 9.761 20
-0.021 0.247 9.773 20
0.002 0.252 9.758 20
0.026 0.252 9.763 21
0.053 0.257 9.787 20
0.091 0.242 9.761 20
0.117 0.249 9.758 20
0.132 0.249 9.773 20
0.148 0.249 9.775 20
0.167 0.254 9.768 20
0.191 0.252 9.761 21
0.215 0.259 9.77 20
0.225 0.247 9.765 20
0.223 0.266 9.758 20
0.246 0.268 9.765 20
0.242 0.254 9.765 20
0.232 0.264 9.763 20
0.256 0.264 9.773 21
0.242 0.266 9.765 20
0.22 0.259 9.777 20
0.218 0.268 9.78 20
0.223 0.273 9.775 20
0.199 0.259 9.78 20
0.167 0.259 9.773 20
0.148 0.276 9.765 21
0.146 0.273 9.746 20
0.146 0.316 9.967 20
0.273 0.185 9.593 20
0.096 0.173 9.756 20
0.05 0.29 9.742 20
0.129 0.242 9.792 20
0.074 0.225 9.775 21
-0.047 0.302 9.761 20
-0.033 0.249 9.765 20
-0.021 0.245 9.77 20
-0.064 0.309 9.768 20
-0.009 0.249 9.775 20
-0.016 0.192 9.789 20
-0.1 0.257 9.765 21
-0.066 0.257 9.763 20
-0.004 0.23 9.773 20
-0.064 0.264 9.763 20
-0.078 0.245 9.761 20
-0.052 0.225 9.773 20
-0.052 0.266 9.775 20
-0.009 0.259 9.768 21
0.029 0.213 9.756 20
-0.018 0.254 9.758 20
-0.023 0.264 9.768 20
0.033 0.257 9.78 20
0.017 0.283 9.782 20
0.021 0.271 9.758 20
0.055 0.245 9.746 21
0.038 0.266 9.765 20
0.057 0.29 9.761 20
0.117 0.252 9.777 20
0.1 0.254 9.756 20
0.079 0.266 9.763 20
0.105 0.261 9.768 20
0.134 0.271 9.777 21
0.153 0.266 9.763 20
0.151 0.242 9.761 20
0.134 0.252 9.775 20
0.136 0.261 9.77 20
0.16 0.247 9.775 20
0.151 0.292 9.854 20
0.223 0.242 9.509 21
0.141 0.242 9.926 20
0.143 0.266 9.835 20
0.155 0.273 9.725 20
0.167 0.18 9.734 20
0.098 0.24 9.763 20
0.086 0.268 9.782 20
0.129 0.204 9.763 21
0.129 0.235 9.749 20
0.127 0.257 9.758 20

# Completed @Tue Aug 01 23:45:59 GMT+08:00 2017
