# Accelerometer Data File
# Started @Tue Aug 01 23:16:22 GMT+08:00 2017
#
#
# sensor Vendor: BOSCH
# sensor Name: LGE Accelerometer
# sensor Resolution: 0.0023956299m/sec^2; Max Range: 78.4532; Min Delay: 2500 microseconds
# The sensor's attributes are the result hardware and the Android capabilities.
# It means that the Android may not utilize all features provided by the hardware.
#
# Some devices and Android versions save battery too much so the device may go to sleep.
# It just happens after couple of minutes from turning off the scree and it is easy to find it out.
#
# The following file provides the data from accelerometer in the m/s^2 format.
# The diff value is just a time delta between the samples
#
#
# data format:
# so we have 4 columns with values separated by the " "
# X Y Z time_from_previous_sample(ms)

# sensor speed set to:GAME
# units set to: m/sec^2
# gravity NOT filtered out
# Accuracy: HIGH
0.129 0.331 9.753 0
0.141 0.374 9.751 20
0.136 0.352 9.758 20
0.1 0.297 9.775 20
0.115 0.328 9.763 20
0.129 0.316 9.773 20
0.122 0.247 9.775 20
0.1 0.235 9.77 21
0.103 0.252 9.756 20
0.11 0.209 9.763 20
0.086 0.201 9.768 20
0.079 0.213 9.763 20
0.086 0.209 9.761 20
0.074 0.175 9.756 20
0.081 0.175 9.77 21
0.074 0.187 9.761 20
0.053 0.194 9.746 20
0.053 0.213 9.763 20
0.045 0.221 9.782 20
0.055 0.218 9.758 20
0.055 0.242 9.775 20
0.06 0.285 9.768 21
0.048 0.307 9.758 20
0.057 0.304 9.751 20
0.062 0.333 9.758 20
0.062 0.359 9.753 20
0.062 0.333 9.761 20
0.076 0.357 9.768 20
0.084 0.362 9.768 21
0.1 0.338 9.77 20
0.067 0.362 9.753 20
0.081 0.343 9.77 20
0.084 0.333 9.775 20
0.122 0.319 9.768 20
0.117 0.319 9.765 20
0.098 0.28 9.777 21
0.11 0.285 9.756 20
0.127 0.266 9.77 20
0.127 0.218 9.763 20
0.105 0.24 9.742 20
0.115 0.237 9.775 20
0.148 0.211 9.773 20
0.158 0.204 9.761 21
0.155 0.216 9.758 20
0.108 0.228 9.756 20
0.108 0.218 9.763 20
0.153 0.192 9.77 20
0.16 0.245 9.753 20
0.148 0.23 9.775 20
0.091 0.23 9.765 21
0.076 0.328 9.718 20
0.203 0.319 9.744 20
0.412 0.216 9.818 20
0.483 0.362 9.809 20
0.275 0.556 9.761 20
0.053 0.561 9.591 20
0.074 0.383 9.627 21
0.024 0.314 9.6 20
-0.466 0.656 9.758 20
-1.122 0.786 9.299 20
-1.148 0.989 9.198 20
-0.945 1.044 9.71 20
-0.88 -0.31 9.816 20
-2.041 -0.195 8.777 21
-3.167 0.68 9.976 20
-3.066 0.178 8.908 20
-2.245 -1.394 10.065 20
-4.076 -0.731 10.07 20
-4.965 -0.36 9.94 20
-5.544 -0.774 10.345 20
-5.448 -0.624 10.984 21
-3.906 -0.626 13.402 20
-6.519 -0.391 13.127 20
-8.568 -2.503 7.05 20
-3.253 -0.983 4.134 20
5.238 0.525 11.765 20
3.639 0.087 9.785 20
-1.321 0.386 8.473 21
-1.742 0.051 9.035 20
2.164 -0.157 8.571 20
5.863 0.874 9.188 20
6.708 1.403 10.175 20
3.467 0.541 9.469 20
1.633 0.726 9.133 20
3.929 1.36 9.583 21
7.415 1.061 10.886 20
8.535 1.078 11.03 20
6.026 1.401 10.33 20
3.938 1.458 9.885 20
4.688 1.329 10.196 20
6.625 0.781 10.941 20
6.163 0.383 10.864 21
3.531 0.977 9.969 20
2.547 0.541 9.631 20
3.052 0.029 9.904 20
3.287 0.345 10.125 20
2.952 0.206 9.832 20
1.726 0.087 9.428 20
1.228 -0.212 9.397 21
1.685 -0.492 9.543 20
1.58 -0.2 9.536 20
0.879 -0.248 9.344 20
0.06 -0.351 9.287 20
-0.385 -0.264 9.349 20
-0.404 -0.135 9.399 20
-0.897 -0.104 9.346 21
-1.663 -0.066 9.435 20
-2.264 -0.207 9.516 20
-2.985 -0.217 9.658 20
-3.329 -0.018 9.708 20
-3.772 0.053 9.785 20
-4.117 0.06 9.804 20
-4.234 -0.008 9.926 21
-4.184 -0.023 9.969 20
-3.952 -0.035 10.053 20
-3.533 0.022 10.089 20
-2.978 0.201 9.974 20
-2.432 0.189 9.849 20
-1.91 -0.061 9.818 20
-0.437 -0.547 9.799 21
-0.416 -0.193 9.801 20
-0.768 0.041 9.88 20
-0.406 -0.152 9.677 20
-0.373 0.089 9.641 20
-1.237 0.474 9.742 20
-0.866 0.13 9.691 20
-1.285 0.568 9.763 21
-1.326 0.649 9.713 20
-0.449 0.151 9.634 20
-0.624 0.573 9.646 20
-0.65 0.716 9.653 20
-0.164 0.271 9.648 20
0.223 0.249 9.629 20
0.692 0.45 9.655 21
0.974 0.307 9.674 20
1.542 0.065 9.703 20
2.092 0.11 9.734 20
2.471 0.18 9.773 20
2.969 -0.078 9.792 20
3.529 -0.037 9.799 20
3.864 0.139 9.947 21
3.627 -0.061 9.938 20
3.366 -0.037 9.895 20
2.71 0.395 9.873 20
1.824 0.522 9.844 20
0.646 0.474 9.746 20
-0.677 0.927 9.756 20
-1.287 1.008 9.684 21
-1.23 0.541 9.768 20
-0.6 -0.643 9.742 20
-0.55 -0.434 9.713 20
-0.871 0.005 9.763 20
-0.624 0.024 9.73 20
-0.624 0.867 9.792 20
-0.059 0.673 9.751 21
0.201 0.225 9.749 20
0.017 0.386 9.753 20
0.323 0.319 9.787 20
0.895 -0.219 9.761 20
0.728 0.055 9.737 20
0.024 0.711 9.777 20
-0.119 0.419 9.785 21
-0.253 0.41 9.77 20
-0.363 0.517 9.744 20
-0.413 0.151 9.751 20
-0.976 0.106 9.828 20
-1.005 0.209 9.703 20
-1.759 0.233 9.706 20
-1.833 0.115 9.715 21
-1.881 0.415 9.782 20
-1.761 0.245 9.682 20
-1.409 0.053 9.725 20
-0.701 0.079 9.718 20
0.369 0.008 9.732 20
1.544 -0.159 9.813 20
2.274 -0.181 9.785 21
2.533 -0.099 9.842 20
2.566 -0.116 9.821 20
2.624 -0.09 9.871 20
2.507 0.02 9.782 20
2.291 0.182 9.907 20
1.894 0.213 9.689 20
1.697 0.271 9.789 21
0.883 0.642 9.734 20
0.328 0.676 9.72 20
0.299 0.58 9.725 20
-0.128 0.831 9.732 20
-0.1 0.707 9.751 20
-0.332 0.786 9.722 20
-0.308 0.62 9.732 21
-0.243 0.403 9.722 20
-0.26 0.436 9.718 20
-0.176 0.529 9.739 20
-0.289 0.467 9.804 20
-0.04 0.13 9.722 20
0.534 -0.049 9.636 20
0.112 0.055 9.744 21
-0.176 -0.049 9.73 20
-0.545 0.063 9.816 20
-0.804 0.048 9.768 20
-1.067 -0.097 9.782 20
-1.809 0.075 9.818 20
-2.468 0.266 9.864 20
-2.748 0.18 9.842 21
-2.791 0.118 9.861 20
-2.791 0.132 9.847 20
-2.714 0.089 9.828 20
-2.46 -0.039 9.78 20
-2.075 0.017 9.739 20
-1.742 0.283 9.732 20
-1.299 0.225 9.658 21
-1.048 0.326 9.672 20
-0.729 0.434 9.636 20
-0.289 0.355 9.615 20
0.074 0.338 9.605 20
0.333 0.441 9.658 20
0.62 0.285 9.646 20
0.747 0.388 9.607 21
0.888 0.486 9.677 20
1.269 0.371 9.684 20
1.527 0.326 9.751 20
1.623 0.324 9.777 20
1.774 0.264 9.799 20
2.097 0.266 9.825 20
2.471 0.381 9.907 21
2.837 0.237 9.959 20
3.141 -0.02 9.959 20
3.184 0.151 9.974 20
3.313 0.276 10.002 20
3.536 0.118 9.986 20
3.505 0.228 9.993 20
3.311 0.151 9.88 21
3.045 0.005 9.811 20
2.72 0.13 9.799 20
2.408 0.252 9.718 20
2.009 0.201 9.646 20
1.458 0.247 9.583 20
0.979 0.364 9.533 20
0.553 0.429 9.54 21
0.048 0.455 9.533 20
-0.44 0.537 9.55 20
-0.768 0.479 9.545 20
-0.983 0.486 9.569 20
-1.211 0.546 9.595 20
-1.637 0.486 9.679 20
-2.084 0.257 9.715 21
-2.398 0.158 9.799 20
-2.508 0.156 9.797 20
-2.628 0.106 9.83 20
-2.918 0.103 9.88 20
-3.207 0.108 9.957 20
-3.418 0.161 9.995 20
-3.399 0.24 9.983 20
-3.286 0.352 9.938 21
-3.186 0.34 9.904 20
-3.131 0.268 9.928 20
-2.982 0.271 9.866 20
-2.587 0.24 9.801 20
-2.128 0.204 9.727 20
-1.826 0.266 9.66 20
-1.543 0.206 9.641 21
-1.191 0.158 9.617 20
-0.725 0.173 9.555 20
-0.14 0.168 9.526 20
0.373 0.146 9.533 20
0.706 0.23 9.576 20
0.965 0.276 9.586 20
1.293 0.23 9.6 21
1.757 0.197 9.631 20
2.224 0.276 9.684 20
2.473 0.336 9.806 20
2.483 0.333 9.806 20
2.475 0.276 9.83 20
2.76 0.235 9.873 21
3.019 0.29 9.931 20
3.067 0.383 9.952 20
2.928 0.328 9.95 20
2.775 0.204 9.919 20
2.672 0.175 9.935 20
2.679 0.189 9.923 20
2.559 0.185 9.885 20
2.198 0.192 9.832 21
1.75 0.175 9.806 20
1.427 0.146 9.727 20
1.211 0.204 9.718 20
0.996 0.273 9.682 20
0.63 0.209 9.686 20
0.223 0.158 9.653 21
-0.138 0.197 9.636 20
-0.346 0.233 9.648 20
-0.576 0.283 9.667 20
-0.828 0.276 9.674 20
-1.065 0.228 9.677 20
-1.23 0.221 9.706 20
-1.294 0.362 9.744 21
-1.414 0.412 9.725 20
-1.51 0.309 9.758 20
-1.673 0.194 9.77 20
-1.716 0.142 9.77 20
-1.539 0.218 9.799 20
-1.326 0.264 9.801 20
-1.266 0.252 9.806 20
-1.306 0.197 9.811 21
-1.259 0.096 9.801 20
-1.012 0.137 9.782 20
-0.811 0.187 9.77 20
-0.602 0.201 9.768 20
-0.49 0.144 9.777 20
-0.535 0.12 9.775 20
-0.37 0.137 9.756 21
-0.246 0.228 9.737 20
-0.104 0.254 9.725 20
0.017 0.223 9.742 20
-0.085 0.29 9.763 20
0.084 0.261 9.751 20
0.347 0.295 9.753 20
0.416 0.362 9.732 21
0.481 0.319 9.732 20
0.567 0.252 9.787 20
0.56 0.324 9.742 20
0.768 0.271 9.768 20
0.941 0.252 9.758 20
0.845 0.343 9.801 20
0.706 0.237 9.773 21
0.677 0.233 9.792 20
0.598 0.357 9.77 20
0.486 0.285 9.765 20
0.354 0.264 9.777 20
0.117 0.324 9.768 20
0.043 0.268 9.753 20
0.053 0.221 9.763 21
0.007 0.259 9.768 20
-0.059 0.23 9.742 20
-0.03 0.115 9.746 20
0.0 0.122 9.763 20
0.06 0.18 9.77 20
0.12 0.192 9.773 20
0.064 0.252 9.78 21
-0.052 0.379 9.758 20
0.045 0.328 9.78 20
0.129 0.268 9.763 20
0.194 0.261 9.749 20
0.213 0.201 9.763 20
0.155 0.175 9.749 20
0.191 0.199 9.768 21
0.282 0.237 9.78 20
0.33 0.252 9.777 20
0.354 0.285 9.765 20
0.474 0.271 9.775 20
0.586 0.228 9.77 20
0.677 0.237 9.758 20
0.867 0.257 9.789 21
0.934 0.213 9.787 20
0.893 0.163 9.785 20
0.914 0.17 9.787 20
0.907 0.199 9.789 20
0.828 0.204 9.713 20
0.788 0.297 9.763 20
0.63 0.367 9.77 21
0.445 0.316 9.727 20
0.364 0.331 9.746 20
0.12 0.379 9.742 20
-0.143 0.338 9.725 20
-0.253 0.35 9.773 20
-0.277 0.367 9.746 20
-0.365 0.331 9.727 21
-0.552 0.237 9.744 20
-0.679 0.24 9.782 20
-0.734 0.221 9.782 20
-0.77 0.163 9.777 20
-0.837 0.149 9.737 20
-0.899 0.142 9.775 20
-1.021 0.127 9.787 21
-1.168 0.192 9.787 20
-1.237 0.261 9.787 20
-1.223 0.228 9.804 20
-1.235 0.199 9.77 20
-1.232 0.221 9.768 20
-1.189 0.228 9.765 20
-1.057 0.23 9.773 21
-0.904 0.211 9.751 20
-0.796 0.221 9.727 20
-0.698 0.23 9.727 20
-0.535 0.245 9.71 20
-0.325 0.249 9.698 20
-0.107 0.23 9.701 20
0.053 0.252 9.713 21
0.237 0.245 9.725 20
0.498 0.276 9.71 20
0.725 0.276 9.732 20
0.955 0.252 9.773 20
1.13 0.245 9.727 20
1.226 0.29 9.809 20
1.331 0.276 9.773 21
1.523 0.271 9.801 20
1.657 0.261 9.844 20
1.716 0.249 9.825 20
1.716 0.257 9.842 20
1.669 0.254 9.835 20
1.683 0.288 9.837 20
1.705 0.283 9.842 21
1.666 0.23 9.816 20
1.535 0.259 9.787 20
1.355 0.273 9.761 20
1.204 0.249 9.765 20
1.092 0.28 9.782 20
0.879 0.321 9.758 20
0.632 0.273 9.73 21
0.381 0.259 9.71 20
0.163 0.309 9.715 20
-0.061 0.309 9.706 20
-0.241 0.28 9.701 20
-0.43 0.285 9.715 20
-0.626 0.252 9.739 20
-0.772 0.221 9.751 21
-0.808 0.249 9.742 20
-0.892 0.283 9.746 20
-1.065 0.268 9.758 20
-1.199 0.168 9.787 20
-1.213 0.139 9.785 20
-1.206 0.189 9.789 20
-1.227 0.192 9.792 21
-1.247 0.17 9.792 20
-1.232 0.163 9.801 20
-1.244 0.175 9.782 20
-1.153 0.175 9.787 20
-1.021 0.223 9.773 20
-0.911 0.259 9.763 20
-0.787 0.199 9.768 21
-0.689 0.168 9.758 20
-0.557 0.216 9.737 20
-0.382 0.249 9.742 20
-0.207 0.268 9.751 20
-0.16 0.288 9.734 20
-0.054 0.268 9.732 20
0.167 0.245 9.722 21
0.311 0.292 9.732 20
0.479 0.304 9.746 20
0.562 0.276 9.773 20
0.68 0.3 9.77 20
0.797 0.292 9.761 20
0.922 0.283 9.775 20
0.991 0.324 9.753 21
0.996 0.316 9.813 20
1.017 0.307 9.785 20
1.056 0.312 9.78 20
1.089 0.304 9.794 20
1.041 0.297 9.794 20
0.962 0.261 9.806 20
0.914 0.233 9.801 21
0.864 0.213 9.773 20
0.797 0.237 9.775 20
0.699 0.223 9.768 20
0.596 0.211 9.763 20
0.512 0.194 9.768 20
0.385 0.209 9.751 20
0.29 0.223 9.756 21
0.246 0.242 9.742 20
0.124 0.249 9.775 20
-0.004 0.235 9.761 20
-0.1 0.266 9.758 20
-0.116 0.254 9.756 20
-0.136 0.245 9.756 20
-0.212 0.264 9.773 21
-0.332 0.261 9.751 20
-0.337 0.242 9.751 20
-0.296 0.247 9.765 20
-0.308 0.273 9.765 20
-0.322 0.257 9.746 20
-0.353 0.264 9.758 20
-0.32 0.261 9.78 20
-0.243 0.247 9.758 21
-0.219 0.235 9.773 20
-0.217 0.245 9.787 20
-0.188 0.233 9.775 20
-0.138 0.209 9.77 20
-0.064 0.235 9.765 20
-0.014 0.273 9.773 21
-0.052 0.261 9.768 20
-0.076 0.273 9.761 20
0.041 0.3 9.773 20
0.024 0.283 9.765 20
-0.059 0.288 9.739 20
-0.069 0.321 9.749 20
-0.083 0.283 9.758 20
-0.021 0.204 9.758 21
0.024 0.206 9.768 20
-0.033 0.218 9.78 20
-0.066 0.173 9.763 20
-0.025 0.209 9.773 20
-0.03 0.23 9.758 20
-0.059 0.192 9.763 20
-0.088 0.235 9.761 21
-0.121 0.321 9.77 20
-0.114 0.285 9.765 20
-0.102 0.271 9.756 20
-0.126 0.328 9.753 20
-0.14 0.316 9.753 20
-0.138 0.273 9.768 20
-0.095 0.295 9.756 21
-0.049 0.295 9.753 20
-0.014 0.221 9.751 20
0.021 0.213 9.749 20
0.036 0.245 9.753 20
0.103 0.223 9.756 20
0.182 0.194 9.763 20
0.225 0.218 9.763 21
0.268 0.225 9.77 20
0.342 0.213 9.751 20
0.433 0.218 9.768 20
0.503 0.24 9.77 20
0.531 0.247 9.765 20
0.531 0.24 9.77 20
0.598 0.24 9.773 21
0.644 0.257 9.775 20
0.649 0.276 9.768 20
0.641 0.249 9.765 20
0.653 0.257 9.77 20
0.637 0.283 9.773 20
0.62 0.292 9.773 20
0.606 0.283 9.777 21
0.543 0.288 9.758 20
0.507 0.29 9.773 20
0.45 0.288 9.753 20
0.383 0.28 9.749 20
0.282 0.28 9.746 20
0.191 0.285 9.749 20
0.096 0.271 9.761 21
0.005 0.261 9.761 20
-0.085 0.264 9.737 20
-0.155 0.268 9.725 20
-0.217 0.254 9.77 20
-0.337 0.288 9.749 20
-0.43 0.261 9.753 20
-0.502 0.209 9.763 21
-0.509 0.209 9.761 20
-0.528 0.204 9.749 20
-0.6 0.192 9.753 20
-0.65 0.199 9.775 20
-0.641 0.213 9.782 20
-0.617 0.182 9.765 20
-0.6 0.197 9.751 21
-0.634 0.249 9.782 20
-0.626 0.254 9.761 20
-0.523 0.218 9.758 20
-0.432 0.242 9.753 20
-0.375 0.271 9.751 20
-0.325 0.249 9.763 20
-0.272 0.23 9.756 21
-0.174 0.24 9.753 20
-0.054 0.24 9.753 20
0.026 0.283 9.768 20
0.072 0.288 9.749 20
0.189 0.28 9.763 20
0.294 0.276 9.756 20
0.436 0.276 9.749 21
0.539 0.273 9.78 20
0.543 0.276 9.775 20
0.582 0.285 9.763 20
0.723 0.276 9.777 20
0.802 0.254 9.78 20
0.766 0.252 9.775 20
0.716 0.283 9.768 21
0.744 0.271 9.77 20
0.814 0.254 9.777 20
0.819 0.254 9.787 20
0.723 0.252 9.768 20
0.63 0.249 9.782 20
0.603 0.271 9.768 20
0.601 0.261 9.787 21
0.546 0.237 9.763 20
0.424 0.264 9.756 20
0.34 0.273 9.756 20
0.256 0.249 9.765 20
0.194 0.24 9.765 20
0.136 0.29 9.744 20
0.06 0.254 9.761 21
-0.069 0.218 9.749 20
-0.16 0.249 9.751 20
-0.188 0.285 9.768 20
-0.248 0.245 9.763 20
-0.279 0.249 9.758 20
-0.31 0.254 9.761 20
-0.363 0.245 9.763 21
-0.389 0.233 9.753 20
-0.385 0.24 9.773 20
-0.385 0.257 9.768 20
-0.404 0.228 9.773 20
-0.404 0.245 9.758 20
-0.365 0.237 9.749 20
-0.33 0.242 9.746 21
-0.291 0.233 9.751 20
-0.267 0.237 9.758 20
-0.253 0.247 9.773 20
-0.215 0.242 9.763 20
-0.155 0.247 9.765 20
-0.093 0.285 9.756 20
-0.114 0.295 9.753 21
-0.107 0.276 9.777 20
-0.006 0.264 9.749 20
0.057 0.278 9.768 20
0.076 0.261 9.749 20
0.086 0.245 9.751 20
0.143 0.268 9.765 20
0.227 0.259 9.77 21
0.258 0.249 9.763 20
0.208 0.276 9.78 20
0.223 0.261 9.763 20
0.27 0.24 9.765 20
0.321 0.288 9.761 20
0.299 0.273 9.765 20
0.28 0.252 9.78 21
0.285 0.266 9.761 20
0.316 0.264 9.756 20
0.318 0.257 9.768 20
0.268 0.259 9.763 20
0.254 0.278 9.77 20
0.242 0.225 9.77 20
0.239 0.221 9.768 21
0.227 0.259 9.761 20
0.201 0.254 9.763 20
0.167 0.235 9.775 20
0.172 0.266 9.761 20
0.199 0.271 9.758 20
0.148 0.247 9.761 20
0.108 0.276 9.746 21
0.129 0.271 9.768 20
0.16 0.257 9.773 20
0.139 0.257 9.768 20
0.091 0.276 9.77 20
0.079 0.259 9.758 20
0.105 0.242 9.763 20
0.139 0.252 9.751 21
0.12 0.254 9.756 20
0.081 0.257 9.765 20
0.067 0.24 9.775 20
0.098 0.249 9.761 20
0.12 0.268 9.765 20
0.103 0.257 9.756 20
0.033 0.249 9.78 21
0.007 0.268 9.761 20
0.067 0.252 9.761 20
0.079 0.228 9.758 20
-0.002 0.252 9.77 20
-0.045 0.268 9.773 20
-0.04 0.247 9.763 20
0.002 0.257 9.765 21
-0.071 0.278 9.773 20
-0.16 0.264 9.78 20
-0.167 0.261 9.758 20
-0.136 0.24 9.78 20
-0.138 0.245 9.765 20
-0.174 0.266 9.765 20
-0.193 0.259 9.78 21
-0.191 0.249 9.749 20
-0.174 0.264 9.749 20
-0.181 0.273 9.756 20
-0.181 0.261 9.751 20
-0.176 0.259 9.758 20
-0.167 0.237 9.775 20
-0.121 0.247 9.756 21
-0.073 0.237 9.742 20
-0.064 0.257 9.753 20
-0.049 0.268 9.773 20
-0.035 0.259 9.753 20
0.014 0.268 9.746 20
0.064 0.259 9.751 20
0.105 0.268 9.765 21
0.127 0.266 9.761 20
0.163 0.247 9.756 20
0.22 0.23 9.775 20
0.244 0.235 9.765 20
0.273 0.24 9.77 20
0.354 0.228 9.775 20
0.402 0.242 9.77 21
0.39 0.257 9.765 20
0.402 0.259 9.77 20
0.433 0.254 9.744 20
0.45 0.247 9.77 20
0.443 0.28 9.78 20
0.419 0.278 9.753 20
0.404 0.276 9.761 21
0.407 0.254 9.765 20
0.385 0.29 9.763 20
0.335 0.285 9.739 20
0.266 0.29 9.761 20
0.237 0.302 9.78 20
0.191 0.295 9.749 20
0.16 0.261 9.744 21
0.134 0.268 9.753 20
0.055 0.259 9.751 20
0.038 0.261 9.761 20
0.009 0.242 9.751 20
-0.052 0.225 9.753 20
-0.097 0.266 9.756 20
-0.131 0.257 9.753 21
-0.157 0.252 9.744 20
-0.179 0.249 9.753 20
-0.207 0.228 9.751 20
-0.224 0.235 9.761 20
-0.234 0.245 9.77 20
-0.231 0.223 9.763 20
-0.239 0.216 9.763 21
-0.272 0.225 9.761 20
-0.246 0.216 9.739 20
-0.186 0.211 9.756 20
-0.188 0.233 9.758 20
-0.222 0.245 9.77 20
-0.198 0.235 9.746 20
-0.148 0.249 9.763 21
-0.078 0.268 9.768 20
-0.071 0.268 9.763 20
-0.057 0.28 9.761 20
-0.016 0.261 9.758 20
0.029 0.273 9.746 20
0.086 0.259 9.753 20
0.132 0.276 9.777 21
0.143 0.261 9.765 20
0.175 0.29 9.753 20
0.225 0.276 9.756 20
0.27 0.266 9.763 20
0.287 0.276 9.773 20
0.275 0.264 9.761 20
0.29 0.254 9.761 21
0.369 0.254 9.761 20
0.376 0.278 9.751 20
0.323 0.264 9.765 20
0.313 0.247 9.78 20
0.325 0.259 9.761 20
0.325 0.252 9.761 20
0.294 0.261 9.758 21
0.278 0.247 9.768 20
0.213 0.247 9.751 20
0.182 0.249 9.763 20
0.215 0.264 9.77 20
0.213 0.254 9.77 20
0.158 0.24 9.77 20
0.079 0.266 9.737 21
0.088 0.285 9.749 20
0.115 0.237 9.761 20
0.079 0.257 9.758 20
-0.006 0.268 9.763 20
-0.021 0.237 9.756 20
-0.002 0.225 9.753 20
0.0 0.249 9.773 21
-0.037 0.261 9.761 20
-0.095 0.237 9.742 20
-0.093 0.237 9.765 20
-0.064 0.257 9.77 20
-0.045 0.233 9.773 20
-0.078 0.254 9.751 20
-0.076 0.276 9.751 21
-0.078 0.268 9.761 20
-0.057 0.249 9.751 20
-0.033 0.257 9.753 20
-0.028 0.264 9.78 20
-0.064 0.24 9.773 20
-0.049 0.247 9.763 20
-0.014 0.271 9.761 21
0.012 0.24 9.756 20
0.017 0.259 9.758 20
-0.011 0.264 9.773 20
0.033 0.249 9.763 20
0.048 0.24 9.768 20
0.009 0.285 9.768 20
0.014 0.29 9.756 21
0.062 0.261 9.768 20
0.096 0.28 9.765 20
0.093 0.278 9.756 20
0.069 0.252 9.763 20
0.06 0.247 9.758 20
0.076 0.259 9.761 20
0.117 0.235 9.756 21
0.129 0.252 9.775 20
0.096 0.278 9.77 20
0.06 0.259 9.746 20
0.091 0.273 9.765 20
0.136 0.249 9.77 20
0.143 0.24 9.753 20
0.084 0.249 9.761 21
0.074 0.259 9.751 20
0.143 0.233 9.756 20
0.179 0.228 9.753 20
0.12 0.278 9.77 20
0.088 0.261 9.761 20
0.132 0.247 9.77 20
0.17 0.271 9.763 21
0.165 0.259 9.763 20
0.112 0.278 9.761 20
0.127 0.273 9.775 20
0.146 0.24 9.782 20
0.146 0.254 9.758 20
0.141 0.288 9.756 20
0.148 0.245 9.763 21
0.103 0.24 9.77 20
0.103 0.257 9.761 20
0.141 0.252 9.746 20
0.132 0.252 9.749 20
0.088 0.271 9.742 20
0.076 0.261 9.763 20
0.072 0.237 9.768 21
0.067 0.268 9.756 20
0.048 0.285 9.753 20
0.024 0.247 9.763 20
0.014 0.254 9.751 20
0.079 0.259 9.758 20
0.045 0.259 9.761 20
-0.004 0.259 9.749 21
-0.009 0.249 9.756 20
0.019 0.249 9.761 20
0.014 0.242 9.756 20
-0.002 0.252 9.763 20
-0.011 0.266 9.765 20
-0.04 0.249 9.753 20
-0.035 0.242 9.77 21
-0.035 0.254 9.773 20
-0.028 0.271 9.746 20
-0.035 0.252 9.749 20
-0.016 0.264 9.761 20
-0.011 0.264 9.777 20
-0.009 0.257 9.761 20
-0.011 0.252 9.765 21
0.021 0.266 9.773 20
0.045 0.247 9.768 20
0.029 0.261 9.751 20
0.045 0.273 9.758 20
0.086 0.261 9.77 20
0.081 0.254 9.768 20
0.055 0.266 9.78 21
0.062 0.273 9.758 20
0.151 0.257 9.758 20
0.187 0.245 9.758 20
0.122 0.242 9.78 20
0.079 0.266 9.768 20
0.141 0.264 9.756 20
0.196 0.259 9.768 21
0.177 0.252 9.768 20
0.105 0.268 9.77 20
0.12 0.257 9.756 20
0.203 0.235 9.761 20
0.213 0.24 9.765 20
0.132 0.278 9.763 20
0.096 0.259 9.765 21
0.096 0.285 9.83 20
0.172 0.24 9.732 20
0.076 0.122 9.691 20
0.005 0.192 9.751 20
0.029 0.477 9.909 20
0.163 0.209 9.658 21
0.002 0.278 9.83 20
0.115 0.283 9.727 20
0.227 0.216 9.792 20
0.127 0.213 9.742 20
0.081 0.261 9.749 20
0.115 0.242 9.785 20
0.026 0.285 9.761 20
-0.033 0.336 9.777 21
0.084 0.266 9.761 20
0.057 0.242 9.765 20
0.021 0.233 9.753 20
0.043 0.235 9.763 20
0.005 0.273 9.756 20
-0.006 0.261 9.749 21
0.05 0.225 9.763 20
-0.021 0.283 9.768 20
-0.088 0.266 9.773 20
0.012 0.225 9.756 20
0.062 0.242 9.753 20
0.002 0.257 9.751 20
0.007 0.247 9.775 21
-0.018 0.266 9.78 20
0.009 0.268 9.746 20
0.055 0.223 9.763 20
0.041 0.261 9.761 20
0.0 0.266 9.775 20
0.041 0.24 9.756 20
0.076 0.245 9.768 21
0.036 0.278 9.763 20
0.067 0.242 9.773 20
0.057 0.273 9.768 20
0.038 0.278 9.775 20
0.081 0.24 9.777 20
0.11 0.271 9.765 20
0.122 0.278 9.785 20
0.117 0.261 9.756 21
0.091 0.242 9.758 20
0.088 0.268 9.756 20
0.146 0.268 9.751 20
0.151 0.261 9.761 20
0.105 0.285 9.775 20
0.098 0.257 9.765 20
0.115 0.254 9.763 21
0.132 0.288 9.837 20
0.191 0.28 9.689 20
0.273 0.122 9.66 20
0.132 0.204 9.931 20
0.11 0.304 9.73 20
0.146 0.185 9.77 21
0.096 0.242 9.773 20
-0.014 0.388 9.758 20
0.029 0.223 9.758 20
0.048 0.225 9.756 20
0.007 0.381 9.773 20

# Completed @Tue Aug 01 23:16:40 GMT+08:00 2017
