# Accelerometer Data File
# Started @Tue Aug 01 23:12:13 GMT+08:00 2017
#
#
# sensor Vendor: BOSCH
# sensor Name: LGE Accelerometer
# sensor Resolution: 0.0023956299m/sec^2; Max Range: 78.4532; Min Delay: 2500 microseconds
# The sensor's attributes are the result hardware and the Android capabilities.
# It means that the Android may not utilize all features provided by the hardware.
#
# Some devices and Android versions save battery too much so the device may go to sleep.
# It just happens after couple of minutes from turning off the scree and it is easy to find it out.
#
# The following file provides the data from accelerometer in the m/s^2 format.
# The diff value is just a time delta between the samples
#
#
# data format:
# so we have 4 columns with values separated by the " "
# X Y Z time_from_previous_sample(ms)

# sensor speed set to:GAME
# units set to: m/sec^2
# gravity NOT filtered out
# Accuracy: HIGH
0.112 0.168 9.777 0
0.012 0.297 9.785 20
0.053 0.242 9.744 20
0.069 0.197 9.749 20
0.043 0.288 9.782 20
0.074 0.189 9.751 20
0.088 0.194 9.753 20
0.031 0.304 9.782 20
0.079 0.225 9.765 21
0.084 0.223 9.773 20
0.024 0.257 9.753 20
0.064 0.252 9.761 20
0.11 0.242 9.782 20
0.1 0.213 9.749 20
0.088 0.257 9.765 20
0.088 0.242 9.794 21
0.091 0.245 9.753 20
0.112 0.28 9.763 20
0.127 0.228 9.753 20
0.112 0.245 9.751 20
0.117 0.264 9.775 20
0.155 0.249 9.763 21
0.148 0.28 9.78 20
0.132 0.249 9.77 20
0.117 0.24 9.763 20
0.12 0.259 9.756 20
0.134 0.228 9.765 20
0.158 0.245 9.753 20
0.136 0.252 9.756 20
0.127 0.218 9.765 21
0.127 0.249 9.768 20
0.132 0.245 9.753 20
0.124 0.235 9.753 20
0.124 0.228 9.787 20
0.117 0.218 9.742 20
0.103 0.245 9.765 21
0.103 0.237 9.775 20
0.1 0.254 9.768 20
0.103 0.266 9.765 20
0.098 0.237 9.763 20
0.093 0.254 9.763 20
0.103 0.261 9.753 20
0.1 0.24 9.761 21
0.074 0.252 9.77 20
0.069 0.257 9.773 20
0.076 0.266 9.768 20
0.084 0.254 9.768 20
0.069 0.245 9.751 20
0.062 0.259 9.768 20
0.062 0.254 9.775 20
0.076 0.245 9.768 21
0.057 0.252 9.753 20
0.062 0.249 9.765 20
0.067 0.261 9.763 20
0.072 0.242 9.758 20
0.079 0.233 9.775 20
0.093 0.247 9.775 20
0.076 0.233 9.77 21
0.096 0.233 9.775 20
0.098 0.245 9.765 20
0.084 0.242 9.775 20
0.091 0.23 9.768 20
0.127 0.237 9.749 20
0.112 0.261 9.77 21
0.105 0.249 9.765 20
0.105 0.223 9.758 20
0.146 0.252 9.758 20
0.139 0.257 9.775 20
0.117 0.218 9.758 20
0.112 0.223 9.773 20
0.132 0.259 9.763 21
0.124 0.242 9.768 20
0.127 0.261 9.758 20
0.11 0.247 9.761 20
0.115 0.273 9.763 20
0.146 0.247 9.761 20
0.167 0.245 9.758 20
0.112 0.264 9.768 20
0.062 0.24 9.773 21
0.112 0.235 9.758 20
0.143 0.218 9.751 20
0.124 0.285 9.761 20
0.067 0.273 9.756 20
0.096 0.228 9.773 20
0.124 0.261 9.758 20
0.143 0.283 9.742 21
0.033 0.242 9.768 20
0.139 0.168 9.739 20
0.29 0.309 9.777 20
0.218 0.386 9.804 20
0.163 0.254 9.878 20
0.187 0.407 9.761 21
0.117 0.707 9.469 20
0.048 0.477 9.492 20
-0.081 0.06 9.574 20
-0.583 0.704 9.507 20
-0.66 0.975 9.753 20
-0.89 0.386 9.528 20
-1.115 -0.023 9.421 20
-1.754 -0.173 7.742 21
-1.639 -1.026 10.687 20
-2.853 -0.489 9.141 20
-3.48 1.212 9.464 20
-4.048 -0.664 9.9 20
-5.022 -1.943 9.392 20
-4.948 -0.506 9.935 20
-4.981 0.108 10.441 21
-5.47 -1.227 9.311 20
-4.867 -0.971 12.593 20
-6.339 -1.076 12.136 20
-5.075 -2.228 15.684 20
-7.199 -1.481 12.421 20
-7.225 -1.394 2.228 20
1.542 1.535 2.971 21
8.217 0.573 11.298 20
1.752 0.122 9.99 20
-8.745 2.61 9.739 20
-4.206 1.827 7.685 20
4.75 0.328 7.697 20
11.372 0.563 11.087 21
6.538 0.424 8.346 20
1.716 0.541 8.599 20
1.815 1.628 9.282 20
7.841 1.861 10.508 20
11.454 0.257 12.006 20
8.59 0.041 11.324 20
4.518 1.612 9.856 20
5.487 1.047 9.868 21
8.901 -0.327 11.494 20
10.288 -0.825 12.308 20
8.085 -0.662 11.178 20
4.568 -0.442 9.674 20
4.74 -0.746 9.962 20
6.859 -1.579 10.903 20
6.519 -1.548 10.486 21
3.895 -1.21 9.227 20
2.047 -1.342 8.645 20
2.444 -1.177 9.124 20
2.928 -0.873 9.287 20
2.212 -0.841 8.884 20
0.337 -0.671 8.334 20
-1.089 -0.205 8.817 21
-1.302 0.185 8.887 20
-1.448 0.295 8.817 20
-1.943 0.623 8.848 20
-2.69 0.199 8.892 20
-3.444 0.156 9.282 20
-4.06 0.58 9.696 20
-2.92 0.494 9.849 21
-4.85 0.58 9.555 20
-5.41 0.45 9.634 20
-6.581 1.248 10.577 20
-7.56 1.877 10.917 20
-6.444 1.403 10.5 20
-5.638 0.848 10.144 20
-6.188 1.221 10.424 21
-6.657 1.43 10.721 20
-6.365 1.109 10.611 20
-5.259 1.013 10.139 20
-4.785 1.095 9.916 20
-4.783 0.735 9.971 20
-4.4 0.458 9.933 20
-3.646 0.498 9.684 21
-2.618 0.166 9.236 20
-1.709 -0.114 9.054 20
-1.385 0.094 9.085 20
-1.136 0.091 9.083 20
-0.385 -0.322 8.973 20
0.539 -0.434 8.987 20
1.377 -0.375 8.949 21
1.834 -0.382 9.093 20
2.277 -0.394 9.203 20
2.93 -0.48 9.253 20
3.309 -0.272 9.452 20
3.443 0.012 9.588 20
3.692 -0.059 9.768 20
4.178 -0.274 9.749 21
4.692 0.067 10.077 20
5.542 0.089 10.302 20
5.638 0.285 10.328 20
5.801 0.28 10.448 20
5.803 -0.118 10.381 20
5.205 0.4 10.335 20
5.193 0.379 10.354 21
5.234 0.355 10.369 20
4.985 0.58 10.235 20
4.573 0.395 10.038 20
3.979 0.225 9.821 20
3.409 0.436 9.686 20
3.079 0.453 9.588 20
2.595 0.331 9.445 21
1.853 0.352 9.296 20
1.183 0.364 9.258 20
0.541 0.295 9.198 20
0.026 0.331 9.227 20
-0.397 0.419 9.191 20
-1.002 0.328 9.203 20
-1.63 0.276 9.361 21
-1.859 0.336 9.375 20
-1.989 0.314 9.485 20
-2.286 -0.061 9.492 20
-2.805 -0.24 9.583 20
-3.31 0.0 9.84 20
-3.696 0.079 9.923 20
-4.069 0.156 9.957 21
-4.45 0.209 10.029 20
-4.74 0.242 10.086 20
-4.78 0.173 10.206 20
-4.771 0.268 10.266 20
-4.515 0.367 10.225 20
-4.134 0.237 10.084 20
-4.029 0.106 10.026 21
-4.005 0.192 10.043 20
-3.847 0.345 9.998 20
-3.27 0.376 9.866 20
-2.7 0.345 9.66 20
-2.247 0.324 9.548 20
-1.886 0.276 9.507 20
-1.539 0.295 9.485 21
-0.998 0.369 9.406 20
-0.337 0.292 9.315 20
0.285 0.209 9.32 20
0.711 0.285 9.342 20
0.898 0.422 9.416 20
1.214 0.367 9.411 20
1.848 0.273 9.435 21
2.523 0.271 9.56 20
2.849 0.252 9.658 20
2.523 0.41 9.725 20
2.466 0.362 9.698 20
3.167 0.158 9.809 20
4.01 0.233 10.017 20
4.448 0.154 10.146 21
4.082 0.089 10.089 20
3.747 0.189 10.05 20
3.874 0.122 10.065 20
4.187 0.031 10.156 20
4.094 0.039 10.165 20
3.754 0.02 10.01 20
3.373 0.053 9.914 21
3.167 0.027 9.89 20
3.06 0.005 9.809 20
2.636 -0.013 9.73 20
2.042 -0.013 9.605 20
1.554 0.089 9.54 20
1.226 0.166 9.519 20
0.816 0.151 9.466 21
0.282 0.225 9.445 20
-0.188 0.321 9.457 20
-0.638 0.319 9.481 20
-0.998 0.345 9.492 20
-1.115 0.424 9.567 20
-1.136 0.45 9.543 20
-1.431 0.348 9.581 21
-1.886 0.185 9.689 20
-2.288 0.139 9.753 20
-2.515 0.273 9.785 20
-2.659 0.424 9.799 20
-2.978 0.455 9.878 20
-3.344 0.371 9.916 20
-3.464 0.388 9.976 21
-3.404 0.386 10.046 20
-3.318 0.465 10.002 20
-3.088 0.45 9.926 20
-2.961 0.29 9.959 20
-3.018 0.156 9.955 20
-2.925 0.213 9.911 20
-2.638 0.283 9.852 21
-2.164 0.254 9.753 20
-1.845 0.168 9.696 20
-1.718 0.17 9.655 20
-1.464 0.213 9.643 20
-0.93 0.178 9.583 20
-0.444 0.084 9.521 20
-0.155 0.099 9.502 21
0.153 0.204 9.516 20
0.558 0.278 9.569 20
0.862 0.288 9.576 20
1.104 0.264 9.588 20
1.52 0.211 9.6 20
1.992 0.245 9.686 20
2.08 0.28 9.761 21
1.997 0.206 9.71 20
2.097 0.178 9.773 20
2.49 0.264 9.818 20
3.029 0.218 9.907 20
3.163 0.18 9.947 20
3.026 0.194 9.95 20
2.973 0.142 9.931 21
3.014 0.146 9.957 20
3.014 0.261 9.974 20
2.909 0.23 9.938 20
2.586 0.139 9.861 20
2.368 0.204 9.837 20
2.313 0.158 9.816 20
2.191 0.158 9.785 21
1.843 0.197 9.696 20
1.415 0.175 9.646 20
0.905 0.204 9.665 20
0.718 0.189 9.646 20
0.529 0.271 9.56 20
0.091 0.326 9.6 20
-0.377 0.333 9.591 21
-0.842 0.257 9.651 20
-0.741 0.168 9.641 20
-0.677 0.41 9.607 20
-0.966 0.472 9.691 20
-1.287 0.168 9.684 20
-1.598 0.046 9.753 20
-1.745 0.149 9.849 21
-1.881 0.18 9.746 20
-1.967 0.213 9.761 20
-2.125 0.331 9.832 20
-2.499 0.307 9.885 20
-2.585 0.115 9.921 20
-2.336 0.216 9.892 20
-2.202 0.438 9.864 21
-2.108 0.355 9.837 20
-2.214 0.175 9.866 20
-2.185 0.166 9.878 20
-1.955 0.271 9.813 20
-1.661 0.257 9.761 20
-1.381 0.264 9.734 20
-1.223 0.295 9.72 21
-1.067 0.204 9.732 20
-0.835 0.17 9.667 20
-0.456 0.309 9.651 20
-0.069 0.331 9.653 20
0.134 0.254 9.631 20
0.27 0.266 9.634 20
0.555 0.28 9.658 21
0.953 0.228 9.674 20
1.235 0.261 9.665 20
1.412 0.28 9.718 20
1.506 0.235 9.773 20
1.535 0.187 9.737 20
1.693 0.249 9.761 20
1.925 0.245 9.837 21
2.04 0.211 9.804 20
2.169 0.166 9.825 20
2.262 0.115 9.866 20
2.291 0.108 9.876 20
2.315 0.144 9.859 20
2.296 0.151 9.876 20
2.143 0.173 9.847 21
1.865 0.194 9.813 20
1.736 0.163 9.792 20
1.731 0.146 9.797 20
1.544 0.204 9.763 20
1.24 0.206 9.734 20
1.015 0.189 9.701 20
0.771 0.252 9.703 21
0.541 0.259 9.684 20
0.234 0.247 9.658 20
-0.066 0.28 9.677 20
-0.339 0.328 9.701 20
-0.538 0.283 9.694 20
-0.567 0.278 9.67 20
-0.6 0.391 9.727 21
-0.72 0.403 9.72 20
-0.916 0.28 9.734 20
-1.213 0.185 9.765 20
-1.376 0.197 9.792 20
-1.395 0.223 9.78 20
-1.46 0.24 9.768 20
-1.677 0.261 9.813 21
-1.804 0.216 9.856 20
-1.709 0.12 9.837 20
-1.565 0.149 9.809 20
-1.539 0.285 9.787 20
-1.618 0.338 9.801 20
-1.654 0.254 9.828 20
-1.507 0.185 9.816 21
-1.232 0.225 9.775 20
-0.981 0.261 9.763 20
-0.897 0.252 9.732 20
-0.837 0.237 9.713 20
-0.624 0.283 9.725 20
-0.361 0.28 9.715 20
-0.148 0.242 9.662 21
-0.033 0.316 9.694 20
0.076 0.374 9.71 20
0.371 0.264 9.708 20
0.716 0.228 9.698 20
0.874 0.309 9.72 20
0.934 0.316 9.722 20
1.092 0.209 9.737 21
1.254 0.261 9.77 20
1.386 0.285 9.816 20
1.465 0.185 9.77 20
1.499 0.268 9.835 20
1.453 0.257 9.794 20
1.501 0.161 9.777 20
1.762 0.218 9.811 21
1.877 0.192 9.849 20
1.688 0.099 9.792 20
1.503 0.194 9.821 20
1.544 0.218 9.811 20
1.558 0.166 9.789 20
1.274 0.192 9.797 20
1.02 0.247 9.761 21
0.886 0.204 9.749 20
0.761 0.23 9.737 20
0.627 0.24 9.713 20
0.426 0.211 9.708 20
0.146 0.23 9.739 20
-0.076 0.261 9.718 20
-0.184 0.276 9.715 21
-0.289 0.273 9.71 20
-0.404 0.261 9.713 20
-0.497 0.261 9.737 20
-0.617 0.319 9.742 20
-0.741 0.271 9.751 20
-0.801 0.252 9.756 20
-0.93 0.307 9.761 21
-1.127 0.257 9.785 20
-1.244 0.276 9.78 20
-1.306 0.316 9.806 20
-1.191 0.242 9.787 20
-1.084 0.218 9.775 20
-1.165 0.245 9.809 20
-1.261 0.233 9.806 21
-1.177 0.233 9.792 20
-1.033 0.276 9.768 20
-0.919 0.264 9.768 20
-0.856 0.201 9.763 20
-0.801 0.206 9.73 20
-0.629 0.249 9.777 20
-0.43 0.245 9.744 21
-0.277 0.201 9.71 20
-0.186 0.209 9.722 20
-0.102 0.211 9.734 20
0.057 0.257 9.734 20
0.266 0.249 9.732 20
0.483 0.23 9.739 20
0.603 0.254 9.727 21
0.663 0.242 9.77 20
0.79 0.247 9.727 20
1.003 0.228 9.746 20
1.142 0.209 9.758 20
1.101 0.276 9.787 20
1.06 0.297 9.801 20
1.142 0.254 9.823 21
1.228 0.235 9.77 20
1.3 0.292 9.785 20
1.302 0.252 9.806 20
1.23 0.211 9.799 20
1.192 0.249 9.777 20
1.207 0.264 9.794 20
1.168 0.218 9.789 21
1.013 0.237 9.763 20
0.855 0.266 9.763 20
0.732 0.254 9.756 20
0.603 0.225 9.763 20
0.481 0.225 9.746 20
0.335 0.276 9.742 20
0.143 0.254 9.739 21
0.009 0.221 9.744 20
-0.071 0.189 9.73 20
-0.203 0.252 9.734 20
-0.358 0.242 9.773 20
-0.464 0.218 9.744 20
-0.449 0.23 9.761 20
-0.478 0.18 9.753 21
-0.634 0.192 9.746 20
-0.753 0.276 9.77 20
-0.851 0.3 9.797 20
-0.902 0.245 9.763 20
-0.842 0.237 9.777 20
-0.868 0.254 9.782 20
-0.883 0.247 9.775 21
-0.82 0.247 9.768 20
-0.784 0.276 9.799 20
-0.887 0.326 9.813 20
-0.866 0.319 9.787 20
-0.655 0.268 9.749 20
-0.514 0.3 9.742 20
-0.507 0.302 9.756 21
-0.49 0.252 9.758 20
-0.32 0.225 9.765 20
-0.179 0.245 9.725 20
-0.069 0.221 9.737 20
0.021 0.237 9.727 20
0.093 0.278 9.758 20
0.201 0.223 9.777 21
0.366 0.197 9.749 20
0.479 0.259 9.77 20
0.574 0.223 9.775 20
0.653 0.218 9.758 20
0.744 0.288 9.761 20
0.797 0.28 9.768 20
0.795 0.288 9.773 21
0.871 0.331 9.749 20
0.946 0.297 9.768 20
0.984 0.312 9.763 20
0.993 0.29 9.787 20
0.914 0.146 9.782 20
0.905 0.24 9.768 20
0.919 0.302 9.84 21
0.895 0.065 9.761 20
0.867 0.031 9.718 20
0.905 0.158 9.809 20
0.723 0.079 9.73 20
0.445 0.101 9.727 20
0.474 0.175 9.773 20
0.51 0.099 9.756 21
0.256 0.034 9.744 20
0.031 0.18 9.753 20
-0.023 0.292 9.739 20
0.021 0.101 9.77 20
-0.018 0.027 9.732 20
-0.26 0.288 9.744 20
-0.428 0.336 9.811 21
-0.325 0.18 9.732 20
-0.241 0.235 9.751 20
-0.416 0.309 9.765 20
-0.636 0.3 9.77 20
-0.71 0.343 9.775 20
-0.588 0.357 9.746 20
-0.502 0.304 9.763 21
-0.595 0.312 9.782 20
-0.725 0.362 9.78 20
-0.662 0.333 9.799 20
-0.497 0.302 9.782 20
-0.464 0.297 9.758 20
-0.523 0.333 9.78 20
-0.547 0.3 9.746 21
-0.358 0.29 9.768 20
-0.224 0.228 9.765 20
-0.239 0.185 9.746 20
-0.282 0.29 9.753 20
-0.081 0.292 9.744 20
0.232 0.182 9.746 20
0.191 0.072 9.718 21
0.074 0.204 9.756 20
0.096 0.225 9.789 20
0.342 0.043 9.749 20
0.615 -0.003 9.732 20
0.618 0.132 9.777 20
0.498 0.122 9.775 20
0.498 0.072 9.753 21
0.639 0.144 9.758 20
0.802 0.178 9.782 20
0.752 0.087 9.773 20
0.646 0.17 9.756 20
0.694 0.259 9.782 20
0.773 0.178 9.763 20
0.776 0.17 9.746 20
0.74 0.271 9.813 21
0.615 0.273 9.753 20
0.598 0.242 9.756 20
0.649 0.261 9.77 20
0.589 0.271 9.782 20
0.438 0.316 9.77 20
0.335 0.309 9.768 20
0.335 0.278 9.775 21
0.246 0.285 9.761 20
0.146 0.345 9.727 20
0.067 0.355 9.768 20
-0.076 0.245 9.765 20
-0.09 0.249 9.753 20
-0.124 0.338 9.753 21
-0.231 0.254 9.758 20
-0.274 0.187 9.753 20
-0.277 0.242 9.77 20
-0.298 0.24 9.765 20
-0.361 0.115 9.761 20
-0.425 0.144 9.758 20
-0.483 0.211 9.787 20
-0.495 0.163 9.773 21
-0.447 0.082 9.789 20
-0.44 0.11 9.77 20
-0.437 0.17 9.758 20
-0.404 0.127 9.756 20
-0.368 0.094 9.753 20
-0.351 0.168 9.777 21
-0.344 0.192 9.775 20
-0.231 0.149 9.761 20
-0.145 0.175 9.78 20
-0.119 0.235 9.763 20
-0.114 0.225 9.773 20
-0.061 0.223 9.756 20
0.091 0.288 9.765 20
0.184 0.312 9.749 21
0.22 0.264 9.756 20
0.234 0.261 9.749 20
0.316 0.304 9.77 20
0.431 0.292 9.768 20
0.527 0.316 9.734 20
0.546 0.321 9.773 20
0.5 0.254 9.787 21
0.51 0.283 9.749 20
0.637 0.328 9.775 20
0.689 0.242 9.761 20
0.632 0.225 9.777 20
0.567 0.28 9.777 20
0.57 0.249 9.785 20
0.62 0.182 9.768 21
0.606 0.168 9.765 20
0.57 0.173 9.758 20
0.462 0.163 9.782 20
0.412 0.137 9.782 20
0.39 0.158 9.768 20
0.347 0.137 9.744 20
0.299 0.11 9.768 21
0.196 0.12 9.751 20
0.093 0.163 9.765 20
0.036 0.158 9.775 20
0.026 0.154 9.758 20
-0.042 0.225 9.768 20
-0.131 0.213 9.785 20
-0.203 0.187 9.765 21
-0.203 0.252 9.742 20
-0.176 0.278 9.763 20
-0.236 0.24 9.753 20
-0.325 0.264 9.761 20
-0.294 0.295 9.768 20
-0.255 0.247 9.777 20
-0.332 0.245 9.756 21
-0.382 0.312 9.777 20
-0.389 0.302 9.78 20
-0.296 0.206 9.773 20
-0.231 0.221 9.765 20
-0.282 0.288 9.773 20
-0.318 0.24 9.763 20
-0.231 0.185 9.763 21
-0.138 0.252 9.765 20
-0.102 0.242 9.761 20
-0.133 0.182 9.746 20
-0.078 0.204 9.753 20
0.033 0.223 9.768 20
0.098 0.187 9.749 20
0.151 0.163 9.765 21
0.187 0.187 9.751 20
0.232 0.216 9.761 20
0.268 0.199 9.763 20
0.349 0.168 9.763 20
0.424 0.168 9.753 20
0.448 0.194 9.765 20
0.455 0.187 9.758 21
0.479 0.185 9.768 20
0.486 0.204 9.787 20
0.515 0.192 9.768 20
0.517 0.228 9.753 20
0.5 0.237 9.768 20
0.498 0.218 9.768 20
0.486 0.235 9.758 21
0.464 0.278 9.78 20
0.412 0.266 9.775 20
0.419 0.211 9.777 20
0.393 0.245 9.758 20
0.292 0.314 9.768 20
0.239 0.278 9.775 20
0.182 0.223 9.749 21
0.17 0.273 9.78 20
0.139 0.257 9.775 20
0.036 0.235 9.753 20
-0.021 0.249 9.768 20
-0.016 0.237 9.756 20
-0.076 0.199 9.751 20
-0.148 0.209 9.756 21
-0.15 0.221 9.78 20
-0.188 0.178 9.744 20
-0.2 0.194 9.758 20
-0.239 0.182 9.753 20
-0.246 0.158 9.77 20
-0.241 0.187 9.768 20
-0.274 0.199 9.763 21
-0.27 0.168 9.761 20
-0.243 0.163 9.758 20
-0.229 0.173 9.782 20
-0.222 0.204 9.758 20
-0.231 0.197 9.753 20
-0.181 0.194 9.761 20
-0.126 0.204 9.773 21
-0.09 0.259 9.77 20
-0.061 0.218 9.782 20
-0.047 0.216 9.775 20
0.005 0.28 9.753 20
0.057 0.268 9.746 20
0.146 0.216 9.768 20
0.163 0.257 9.777 21
0.143 0.309 9.777 20
0.213 0.245 9.758 20
0.313 0.223 9.758 20
0.349 0.264 9.756 20
0.369 0.264 9.768 20
0.333 0.216 9.768 20
0.393 0.221 9.768 20
0.474 0.235 9.753 21
0.488 0.223 9.761 20
0.416 0.206 9.756 20
0.371 0.218 9.768 20
0.402 0.213 9.77 20
0.467 0.178 9.763 20
0.486 0.178 9.77 20
0.352 0.192 9.756 21
0.28 0.213 9.768 20
0.311 0.185 9.785 20
0.345 0.161 9.768 20
0.299 0.209 9.782 20
0.163 0.225 9.761 20
0.103 0.199 9.756 20
0.139 0.194 9.751 21
0.12 0.245 9.742 20
0.041 0.242 9.765 20
-0.04 0.216 9.775 20
-0.057 0.204 9.763 20
-0.042 0.259 9.751 20
-0.061 0.242 9.765 20
-0.095 0.199 9.773 21
-0.167 0.23 9.77 20
-0.2 0.28 9.765 20
-0.188 0.223 9.749 20
-0.133 0.216 9.768 20
-0.181 0.266 9.763 20
-0.255 0.242 9.746 20
-0.234 0.216 9.763 21
-0.145 0.23 9.739 20
-0.09 0.242 9.746 20
-0.188 0.23 9.775 20
-0.224 0.201 9.765 20
-0.116 0.204 9.78 20
-0.016 0.206 9.753 20
0.005 0.218 9.749 21
-0.042 0.223 9.768 20
-0.045 0.206 9.789 20
0.036 0.216 9.756 20
0.132 0.213 9.756 20
0.165 0.194 9.765 20
0.151 0.206 9.775 20
0.141 0.216 9.761 21
0.196 0.228 9.749 20
0.285 0.228 9.775 20
0.342 0.211 9.763 20
0.345 0.211 9.777 20
0.309 0.199 9.773 20
0.28 0.223 9.761 20
0.345 0.271 9.758 21
0.428 0.264 9.768 20
0.416 0.223 9.773 20
0.302 0.23 9.763 20
0.285 0.28 9.775 20
0.357 0.225 9.789 20
0.397 0.182 9.768 20
0.285 0.266 9.763 21
0.191 0.254 9.787 20
0.199 0.201 9.765 20
0.244 0.218 9.751 20
0.333 0.235 9.789 20
0.143 0.201 9.761 20
-0.054 0.23 9.746 20
0.041 0.257 9.744 21
0.249 0.185 9.782 20
0.124 0.156 9.763 20
-0.107 0.245 9.773 20
-0.176 0.245 9.785 20
-0.045 0.161 9.78 20
0.076 0.178 9.768 20
-0.03 0.233 9.765 21
-0.222 0.185 9.775 20
-0.26 0.166 9.751 20
-0.066 0.228 9.777 20
-0.004 0.199 9.746 20
-0.124 0.201 9.761 20
-0.248 0.216 9.782 20
-0.217 0.237 9.777 21
-0.066 0.23 9.742 20
0.014 0.218 9.749 20
-0.102 0.249 9.773 20
-0.179 0.237 9.773 20
-0.081 0.228 9.756 20
0.072 0.237 9.77 20
0.084 0.235 9.775 21
0.014 0.218 9.773 20
-0.025 0.268 9.758 20
0.06 0.261 9.775 20
0.194 0.223 9.777 20
0.201 0.23 9.765 20
0.117 0.273 9.787 20
0.105 0.266 9.761 21
0.237 0.204 9.768 20
0.371 0.225 9.792 20
0.299 0.247 9.756 20
0.199 0.24 9.746 20
0.263 0.221 9.775 20
0.349 0.221 9.758 20
0.325 0.23 9.775 21
0.29 0.192 9.77 20
0.275 0.158 9.765 20
0.273 0.206 9.773 20
0.304 0.206 9.758 20
0.316 0.175 9.756 20
0.273 0.185 9.768 20
0.184 0.228 9.773 21
0.179 0.211 9.768 20
0.225 0.194 9.732 20
0.218 0.218 9.751 20
0.146 0.24 9.77 20
0.062 0.206 9.773 20
0.081 0.211 9.799 20
0.11 0.257 9.773 21
0.06 0.266 9.739 20
-0.002 0.245 9.77 20
-0.025 0.216 9.773 20
-0.023 0.233 9.785 20
-0.04 0.252 9.746 20
-0.025 0.223 9.773 20
-0.093 0.23 9.77 21
-0.128 0.228 9.765 20
-0.112 0.23 9.761 20
-0.088 0.221 9.761 20
-0.042 0.218 9.768 20
-0.083 0.223 9.775 20
-0.162 0.211 9.761 20
-0.121 0.201 9.775 21
-0.045 0.225 9.77 20
-0.009 0.213 9.792 20
-0.04 0.197 9.756 20
-0.047 0.218 9.758 20
-0.009 0.211 9.768 20
0.053 0.189 9.739 20
0.057 0.204 9.746 21
0.079 0.233 9.761 20
0.079 0.192 9.758 20
0.105 0.209 9.761 20
0.167 0.235 9.758 20
0.189 0.201 9.77 20
0.16 0.194 9.756 20
0.16 0.235 9.756 21
0.199 0.242 9.768 20
0.282 0.211 9.763 20
0.268 0.211 9.77 20
0.22 0.268 9.782 20
0.206 0.254 9.775 20
0.275 0.209 9.775 20
0.316 0.247 9.763 21
0.266 0.264 9.768 20
0.211 0.218 9.756 20
0.225 0.245 9.775 20
0.239 0.257 9.765 20
0.261 0.213 9.756 20
0.232 0.209 9.77 20
0.143 0.24 9.763 21
0.105 0.228 9.773 20
0.189 0.194 9.773 20
0.201 0.197 9.761 20
0.1 0.237 9.777 20
0.026 0.221 9.753 20
0.053 0.178 9.753 20
0.112 0.194 9.742 20
0.093 0.216 9.763 21
0.012 0.187 9.768 20
-0.042 0.194 9.763 20
-0.014 0.204 9.773 20
0.021 0.209 9.768 20
-0.028 0.199 9.761 20
-0.066 0.223 9.777 21
-0.069 0.216 9.763 20
-0.03 0.199 9.775 20
-0.025 0.245 9.775 20
-0.049 0.221 9.756 20
-0.059 0.233 9.77 20
-0.061 0.242 9.758 20
-0.023 0.24 9.765 21
0.007 0.245 9.756 20
0.002 0.233 9.768 20
-0.002 0.237 9.739 20
0.019 0.242 9.763 20
0.048 0.24 9.765 20
0.093 0.228 9.775 20
0.053 0.242 9.756 20
0.091 0.247 9.787 21
0.105 0.201 9.761 20
0.136 0.221 9.777 20
0.139 0.24 9.761 20
0.165 0.218 9.758 20
0.194 0.18 9.761 20
0.208 0.194 9.761 20
0.199 0.223 9.785 21
0.16 0.223 9.761 20
0.22 0.199 9.768 20
0.261 0.185 9.763 20
0.23 0.204 9.756 20
0.196 0.223 9.768 20
0.196 0.194 9.787 20
0.223 0.216 9.782 21
0.227 0.23 9.746 20
0.213 0.209 9.742 20
0.191 0.206 9.78 20
0.129 0.259 9.765 20
0.124 0.245 9.792 20
0.151 0.221 9.751 20
0.175 0.237 9.753 21
0.127 0.237 9.775 20
0.041 0.257 9.758 20
0.045 0.242 9.753 20
0.115 0.225 9.763 20
0.074 0.242 9.753 20
0.007 0.247 9.768 20
-0.006 0.218 9.775 21
0.026 0.197 9.777 20
0.036 0.218 9.768 20
0.002 0.209 9.777 20
-0.04 0.18 9.753 20
-0.018 0.209 9.777 20
-0.018 0.218 9.765 20
-0.016 0.187 9.765 21
-0.016 0.209 9.761 20
-0.028 0.225 9.758 20
-0.023 0.199 9.768 20
-0.002 0.197 9.768 20
0.019 0.218 9.761 20
0.009 0.223 9.746 20
0.033 0.197 9.758 21
0.045 0.18 9.763 20
0.045 0.223 9.761 20
0.072 0.218 9.758 20
0.098 0.213 9.761 20
0.072 0.223 9.777 20
0.079 0.249 9.777 20
0.108 0.233 9.746 21
0.143 0.235 9.758 20
0.146 0.257 9.765 20
0.148 0.247 9.77 20
0.16 0.216 9.749 20
0.16 0.249 9.749 20
0.177 0.242 9.78 20
0.194 0.221 9.756 21
0.184 0.218 9.751 20
0.179 0.225 9.765 20
0.189 0.221 9.77 20
0.184 0.204 9.768 20
0.184 0.213 9.758 20
0.199 0.218 9.753 20
0.165 0.211 9.763 21
0.165 0.233 9.773 20
0.141 0.213 9.749 20
0.124 0.209 9.777 20
0.16 0.204 9.773 20
0.151 0.218 9.763 20
0.091 0.209 9.773 20
0.06 0.204 9.78 21
0.1 0.197 9.768 20
0.12 0.192 9.763 20
0.088 0.206 9.756 20
0.043 0.211 9.775 20
0.0 0.206 9.77 20
0.048 0.218 9.751 20
0.074 0.235 9.768 21
0.036 0.225 9.763 20
0.005 0.221 9.775 20
-0.014 0.204 9.777 20
0.014 0.201 9.758 20
0.026 0.235 9.768 20
0.036 0.242 9.756 20
0.007 0.209 9.758 21
0.0 0.225 9.785 20
0.033 0.247 9.761 20
0.057 0.211 9.753 20
0.055 0.209 9.77 20
0.017 0.237 9.768 20
0.038 0.23 9.773 20
0.084 0.218 9.758 21
0.091 0.225 9.758 20
0.086 0.225 9.78 20
0.053 0.216 9.77 20
0.091 0.211 9.768 20
0.139 0.209 9.749 20
0.179 0.218 9.775 20
0.105 0.211 9.78 21
0.076 0.233 9.777 20
0.124 0.199 9.777 20
0.189 0.189 9.749 20
0.194 0.221 9.768 20
0.132 0.194 9.768 20
0.105 0.206 9.761 20
0.175 0.218 9.775 21
0.215 0.209 9.761 20
0.155 0.233 9.761 20
0.122 0.223 9.782 20
0.155 0.216 9.756 20
0.194 0.221 9.768 20
0.165 0.228 9.765 20
0.127 0.221 9.777 21
0.096 0.228 9.782 20
0.103 0.235 9.775 20
0.153 0.211 9.753 20
0.146 0.218 9.763 20
0.103 0.23 9.763 20
0.055 0.233 9.758 20
0.041 0.221 9.763 21
0.117 0.218 9.744 20
0.096 0.218 9.758 20
0.029 0.23 9.773 20
0.029 0.223 9.749 20
0.064 0.216 9.744 20
0.069 0.223 9.765 20
0.007 0.23 9.77 21
-0.006 0.221 9.753 20
0.038 0.213 9.765 20
0.057 0.201 9.751 20
0.024 0.218 9.753 20
0.002 0.225 9.751 20
0.043 0.206 9.773 20
0.072 0.182 9.777 21
0.045 0.206 9.756 20
0.033 0.235 9.756 20
0.067 0.209 9.773 20
0.103 0.189 9.753 20
0.055 0.225 9.785 20
0.029 0.245 9.763 20
0.098 0.228 9.763 21
0.148 0.206 9.77 20
0.12 0.225 9.758 20
0.067 0.247 9.758 20
0.084 0.223 9.758 20
0.139 0.221 9.765 20
0.146 0.257 9.758 20
0.103 0.247 9.758 21
0.122 0.235 9.765 20
0.143 0.233 9.765 20
0.155 0.228 9.763 20
0.143 0.237 9.765 20
0.155 0.228 9.77 20
0.184 0.235 9.775 20
0.139 0.252 9.756 21
0.096 0.252 9.768 20
0.122 0.23 9.749 20
0.184 0.178 9.756 20
0.278 0.192 9.768 20
0.134 0.242 9.749 20
0.012 0.254 9.775 20
0.062 0.197 9.765 21
0.151 0.209 9.753 20
0.16 0.24 9.758 20
0.079 0.194 9.775 20
-0.009 0.197 9.763 20
0.057 0.23 9.775 20
0.16 0.197 9.765 20
0.12 0.175 9.737 21
-0.018 0.261 9.761 20
-0.028 0.259 9.785 20
0.081 0.18 9.765 20
0.148 0.225 9.765 20
0.043 0.254 9.78 20
-0.066 0.242 9.775 20
0.002 0.233 9.765 21
0.115 0.23 9.761 20
0.098 0.192 9.746 20
0.017 0.235 9.777 20
-0.037 0.225 9.789 20
-0.014 0.259 9.837 20
0.141 -0.094 9.667 20
0.072 -0.123 9.737 21
0.067 0.008 9.775 20
-0.018 0.312 9.799 20
-0.011 0.45 9.95 20
0.29 0.156 9.579 20
0.103 0.326 9.871 20
0.041 0.379 9.775 20
0.088 0.297 9.698 21
0.136 0.3 9.852 20
0.199 0.395 9.71 20
0.098 0.398 9.813 20
0.105 0.247 9.777 20
0.155 0.276 9.746 20
0.208 0.309 9.816 20
0.213 0.206 9.761 21
0.086 0.259 9.756 20
0.122 0.235 9.792 20
0.194 0.127 9.753 20
0.175 0.175 9.77 20
0.134 0.182 9.763 20
0.124 0.113 9.761 20
0.129 0.075 9.749 21
0.148 0.125 9.751 20
0.117 0.149 9.775 20
0.079 0.101 9.739 20
0.108 0.115 9.765 20
0.139 0.132 9.761 20
0.098 0.134 9.749 20
0.053 0.173 9.763 21
0.081 0.201 9.749 20
0.117 0.192 9.777 20
0.12 0.192 9.756 20
0.043 0.271 9.765 20
-0.021 0.309 9.785 20
0.009 0.264 9.765 20
0.091 0.266 9.758 21
0.081 0.319 9.768 20
-0.004 0.328 9.765 20
-0.016 0.314 9.765 20
0.038 0.34 9.765 20
0.081 0.304 9.763 20
0.048 0.283 9.768 20
-0.018 0.319 9.77 21
0.012 0.29 9.765 20
0.098 0.233 9.765 20
0.096 0.223 9.773 20
0.05 0.24 9.761 20
0.048 0.216 9.775 20
0.074 0.173 9.756 20
0.12 0.185 9.773 21
0.11 0.156 9.758 20
0.088 0.137 9.744 20
0.105 0.151 9.787 20
0.141 0.151 9.785 20
0.105 0.12 9.751 20
0.105 0.137 9.78 20
0.16 0.137 9.768 21
0.163 0.139 9.785 20
0.127 0.178 9.768 20
0.093 0.211 9.756 20
0.129 0.189 9.761 20
0.165 0.209 9.756 20
0.151 0.233 9.768 20
0.117 0.225 9.787 21
0.088 0.307 9.861 20
0.103 0.099 9.648 20
0.105 0.031 9.722 20
0.117 0.247 9.859 20
0.036 0.436 9.832 20
0.055 0.35 9.765 20
0.12 0.268 9.737 21
0.203 0.34 9.809 20
0.268 0.297 9.725 20
0.103 0.29 9.797 20
0.031 0.302 9.77 20
0.12 0.307 9.765 20

# Completed @Tue Aug 01 23:12:36 GMT+08:00 2017
