0.146 0.13 9.73 0
0.088 0.259 9.794 20
0.175 0.132 9.775 20
0.187 0.132 9.732 20
0.127 0.163 9.792 20
0.16 0.13 9.739 20
0.143 0.187 9.777 20
0.146 0.154 9.763 20
0.17 0.17 9.746 21
0.127 0.228 9.78 20
0.134 0.199 9.763 20
0.143 0.218 9.773 20
0.148 0.273 9.763 20
0.139 0.278 9.761 20
0.115 0.261 9.768 21
0.11 0.273 9.763 20
0.12 0.309 9.763 20
0.134 0.302 9.761 20
0.115 0.307 9.77 20
0.098 0.302 9.763 20
0.124 0.297 9.77 20
0.127 0.295 9.761 21
0.096 0.278 9.765 20
0.103 0.28 9.761 20
0.11 0.266 9.765 20
0.117 0.249 9.756 20
0.11 0.23 9.751 20
0.11 0.209 9.763 20
0.11 0.228 9.782 21
0.112 0.209 9.777 20
0.124 0.175 9.773 20
0.117 0.168 9.751 20
0.129 0.161 9.773 20
0.124 0.17 9.777 20
0.117 0.175 9.787 20
0.12 0.158 9.746 21
0.122 0.178 9.749 20
0.127 0.178 9.768 20
0.146 0.189 9.744 20
0.124 0.18 9.765 20
0.134 0.209 9.758 20
0.139 0.213 9.758 20
0.134 0.228 9.758 21
0.127 0.252 9.763 20
0.134 0.257 9.777 20
0.136 0.268 9.765 20
0.141 0.285 9.773 20
0.134 0.28 9.77 20
0.143 0.288 9.777 20
0.146 0.297 9.742 21
0.141 0.283 9.753 20
0.132 0.276 9.753 20
0.127 0.271 9.751 20
0.139 0.242 9.773 20
0.134 0.245 9.768 20
0.141 0.261 9.765 20
0.139 0.24 9.775 21
0.124 0.23 9.746 20
0.136 0.206 9.761 20
0.146 0.192 9.768 20
0.139 0.187 9.763 20
0.115 0.182 9.758 20
0.124 0.18 9.765 20
0.132 0.168 9.753 21
0.122 0.178 9.777 20
0.132 0.178 9.775 20
0.122 0.197 9.753 20
0.124 0.199 9.77 20
0.11 0.197 9.751 20
0.105 0.197 9.751 20
0.124 0.223 9.777 21
0.12 0.225 9.768 20
0.117 0.223 9.758 20
0.117 0.24 9.763 20
0.115 0.259 9.753 20
0.129 0.247 9.758 20
0.124 0.268 9.765 20
0.11 0.278 9.761 21
0.124 0.266 9.773 20
0.117 0.271 9.758 20
0.105 0.268 9.77 20
0.12 0.273 9.773 20
0.129 0.257 9.768 20
0.136 0.254 9.756 20
0.124 0.242 9.768 21
0.127 0.237 9.78 20
0.151 0.228 9.765 20
0.143 0.204 9.763 20
0.134 0.218 9.761 20
0.151 0.194 9.768 20
0.151 0.199 9.773 20
0.146 0.182 9.787 21
0.139 0.192 9.789 20
0.148 0.206 9.751 20
0.124 0.187 9.765 20
0.143 0.199 9.777 20
0.141 0.213 9.758 20
0.132 0.216 9.773 20
0.129 0.211 9.758 21
0.136 0.233 9.773 20
0.139 0.235 9.749 20
0.132 0.235 9.548 20
0.357 0.209 10.129 20
1.573 0.58 9.852 20
0.675 0.084 9.387 20
-1.225 -0.121 9.66 21
-1.012 0.934 9.957 20
0.699 0.676 9.287 20
1.058 -0.015 9.155 20
-1.079 0.278 8.999 20
-2.666 0.635 9.572 20
-2.365 0.266 9.691 20
-2.077 0.46 9.119 21
-1.881 0.417 10.014 20
-2.116 -1.047 9.402 20
-4.584 0.388 9.543 20
-5.609 0.85 10.383 20
-4.148 -0.853 10.503 20
-4.05 -1.387 10.12 20
-4.984 -0.509 9.871 21
-4.919 -0.181 10.51 20
-4.076 -0.626 11.726 20
-4.431 -0.657 14.262 20
-8.989 -0.468 11.949 20
-6.502 -4.916 3.354 20
-0.523 0.383 0.859 20
11.803 1.767 20.894 21
2.349 0.515 0.833 20
-4.397 2.124 11.7 20
-0.883 -0.513 8.662 20
4.025 -0.08 8.37 20
6.991 0.948 9.641 20
6.488 2.189 10.038 20
3.175 1.202 9.478 21
3.021 1.056 9.315 20
6.416 1.308 10.132 20
8.332 1.298 11.106 20
7.496 1.08 11.044 20
5.756 0.781 10.354 20
5.104 0.862 10.16 20
5.806 0.668 10.548 21
6.749 0.166 11.08 20
6.048 0.438 10.797 20
3.977 0.771 9.964 20
3.694 -0.149 9.835 20
4.154 -0.521 10.115 20
4.108 -0.109 10.036 20
3.292 -0.466 9.631 21
2.037 -0.633 9.239 20
1.477 -0.274 9.346 20
1.429 -0.353 9.318 20
1.13 -0.387 9.265 20
0.258 -0.049 9.097 20
-0.076 -0.109 9.203 20
-0.581 -0.384 9.167 21
-1.237 -0.181 9.217 20
-1.888 -0.07 9.318 20
-2.221 0.091 9.418 20
-2.894 0.122 9.459 20
-3.502 0.094 9.557 20
-3.509 0.307 9.744 20
-3.679 0.24 9.823 21
-4.098 0.264 9.873 20
-4.244 0.474 9.952 20
-4.017 0.288 10.012 20
-4.021 0.17 10.096 20
-4.1 0.273 10.117 20
-3.428 0.187 9.988 20
-3.049 0.297 9.935 21
-2.894 0.321 10.007 20
-2.724 0.089 9.979 20
-2.834 0.075 9.979 20
-2.7 0.087 9.873 20
-2.12 0.017 9.734 20
-2.065 0.228 9.758 21
-1.833 0.122 9.696 20
-1.412 -0.075 9.662 20
-1.093 -0.061 9.612 20
-1.309 0.144 9.538 20
-0.899 0.278 9.576 20
0.069 0.091 9.402 20
0.469 0.053 9.574 20
0.682 -0.018 9.483 21
1.274 -0.051 9.555 20
1.618 0.194 9.579 20
1.937 0.204 9.617 20
2.437 -0.116 9.66 20
2.598 -0.001 9.744 20
2.466 0.264 9.758 20
2.43 0.278 9.813 21
2.475 0.333 9.864 20
2.193 0.45 9.878 20
1.994 0.34 9.868 20
2.006 0.285 9.88 20
2.145 0.187 9.876 20
2.15 -0.047 9.888 20
1.961 -0.006 9.888 21
1.74 0.28 9.907 20
1.602 0.486 9.84 20
1.791 0.438 9.849 20
1.93 0.386 9.859 20
1.716 0.422 9.852 20
1.331 0.381 9.768 21
1.068 0.529 9.753 20
1.374 0.443 9.758 20
1.527 0.381 9.809 20
1.017 0.077 9.706 20
0.407 0.101 9.672 20
0.1 0.204 9.694 20
0.041 0.189 9.67 20
-0.097 0.192 9.665 21
-0.535 0.3 9.689 20
-0.957 0.288 9.679 20
-1.086 0.228 9.744 20
-0.849 0.094 9.706 20
-0.567 0.106 9.691 20
-0.516 0.156 9.725 20
-0.696 0.082 9.768 21
-0.799 0.063 9.775 20
-0.691 0.003 9.749 20
-0.598 -0.061 9.73 20
-0.622 -0.051 9.696 20
-0.607 0.01 9.78 20
-0.811 0.137 9.809 21
-1.012 0.211 9.804 20
-0.863 0.254 9.787 20
-0.897 0.326 9.756 20
-0.902 0.24 9.763 20
-1.108 0.367 9.818 20
-1.235 0.541 9.84 20
-1.184 0.549 9.847 20
-1.232 0.486 9.737 21
-0.799 0.29 9.758 20
-0.926 0.383 9.797 20
-1.012 0.453 9.818 20
-0.629 0.391 9.765 20
-0.303 0.345 9.713 20
-0.258 0.273 9.739 20
-0.33 0.218 9.744 21
-0.397 0.364 9.758 20
-0.337 0.448 9.742 20
-0.033 0.254 9.71 20
0.12 0.192 9.718 20
-0.162 0.321 9.727 20
-0.346 0.34 9.739 20
-0.21 0.376 9.715 21
-0.035 0.458 9.715 20
0.239 0.197 9.718 20
0.297 -0.015 9.732 20
0.294 -0.011 9.727 20
0.551 0.029 9.756 20
0.879 -0.015 9.734 20
0.989 0.017 9.737 21
0.905 0.228 9.782 20
0.838 0.364 9.763 20
1.118 0.252 9.794 20
1.472 0.223 9.804 20
1.702 0.163 9.828 20
1.748 -0.061 9.847 20
1.539 0.134 9.806 21
1.496 0.268 9.83 20
1.654 0.189 9.821 20
1.575 0.29 9.832 20
1.355 0.379 9.813 20
1.23 0.348 9.785 20
1.207 0.379 9.794 20
1.147 0.419 9.758 21
1.044 0.359 9.761 20
0.843 0.386 9.744 20
0.63 0.441 9.722 20
0.529 0.4 9.725 20
0.462 0.371 9.706 20
0.246 0.393 9.698 20
0.005 0.352 9.701 21
-0.131 0.328 9.722 20
-0.27 0.35 9.698 20
-0.361 0.283 9.679 20
-0.425 0.163 9.722 20
-0.607 0.266 9.727 20
-0.799 0.34 9.768 20
-0.871 0.185 9.761 21
-0.909 0.108 9.763 20
-1.045 0.132 9.763 20
-1.187 0.113 9.792 20
-1.395 0.137 9.809 20
-1.529 0.125 9.823 20
-1.476 0.11 9.801 20
-1.424 0.11 9.777 21
-1.45 0.13 9.801 20
-1.462 0.146 9.818 20
-1.417 0.213 9.825 20
-1.345 0.283 9.785 20
-1.168 0.206 9.749 20
-0.998 0.247 9.751 20
-0.897 0.331 9.751 21
-0.782 0.324 9.742 20
-0.622 0.273 9.727 20
-0.421 0.352 9.701 20
-0.205 0.376 9.694 20
-0.002 0.324 9.701 20
0.158 0.343 9.725 20
0.292 0.374 9.698 21
0.562 0.321 9.718 20
0.797 0.321 9.744 20
0.912 0.371 9.746 20
0.931 0.345 9.739 20
1.046 0.288 9.753 20
1.202 0.328 9.809 20
1.329 0.321 9.792 21
1.362 0.264 9.816 20
1.309 0.257 9.782 20
1.288 0.278 9.809 20
1.393 0.247 9.842 20
1.448 0.127 9.828 20
1.372 0.087 9.813 20
1.266 0.122 9.818 21
1.187 0.089 9.797 20
1.128 0.108 9.785 20
1.022 0.166 9.773 20
0.929 0.18 9.77 20
0.859 0.178 9.765 20
0.754 0.223 9.756 20
0.661 0.211 9.734 21
0.512 0.213 9.734 20
0.302 0.28 9.746 20
0.155 0.285 9.73 20
0.0 0.292 9.732 20
-0.174 0.338 9.718 20
-0.26 0.316 9.744 20
-0.368 0.312 9.742 21
-0.538 0.324 9.725 20
-0.586 0.307 9.727 20
-0.595 0.304 9.753 20
-0.684 0.331 9.758 20
-0.761 0.331 9.768 20
-0.777 0.312 9.773 20
-0.72 0.328 9.773 21
-0.67 0.316 9.777 20
-0.686 0.264 9.768 20
-0.753 0.273 9.758 20
-0.756 0.28 9.77 20
-0.655 0.24 9.756 20
-0.586 0.221 9.77 20
-0.595 0.254 9.78 21
-0.6 0.218 9.763 20
-0.538 0.178 9.773 20
-0.478 0.206 9.758 20
-0.43 0.206 9.775 20
-0.404 0.178 9.753 20
-0.397 0.201 9.753 20
-0.289 0.218 9.765 21
-0.184 0.223 9.739 20
-0.088 0.233 9.746 20
-0.016 0.24 9.732 20
0.029 0.247 9.739 20
0.136 0.288 9.765 20
0.306 0.24 9.753 20
0.416 0.228 9.737 21
0.428 0.276 9.758 20
0.445 0.29 9.763 20
0.536 0.295 9.768 20
0.641 0.338 9.758 20
0.661 0.336 9.753 20
0.584 0.273 9.77 20
0.555 0.302 9.768 21
0.622 0.364 9.773 20
0.694 0.328 9.756 20
0.651 0.326 9.753 20
0.577 0.319 9.768 20
0.637 0.266 9.782 20
0.601 0.266 9.773 20
0.527 0.266 9.756 21
0.495 0.218 9.768 20
0.472 0.194 9.785 20
0.493 0.237 9.77 20
0.524 0.211 9.773 20
0.419 0.225 9.775 20
0.335 0.257 9.765 20
0.349 0.218 9.763 21
0.302 0.223 9.756 20
0.187 0.283 9.763 20
0.088 0.24 9.739 20
0.069 0.225 9.753 20
0.076 0.228 9.765 20
-0.025 0.173 9.756 20
-0.157 0.233 9.761 21
-0.198 0.266 9.765 20
-0.179 0.187 9.773 20
-0.205 0.201 9.761 20
-0.26 0.3 9.756 20
-0.279 0.264 9.768 20
-0.282 0.225 9.761 20
-0.265 0.297 9.758 21
-0.248 0.309 9.758 20
-0.272 0.268 9.765 20
-0.308 0.307 9.749 20
-0.303 0.321 9.768 20
-0.31 0.288 9.751 20
-0.315 0.288 9.77 20
-0.334 0.295 9.773 21
-0.358 0.29 9.751 20
-0.421 0.29 9.756 20
-0.387 0.295 9.758 20
-0.325 0.295 9.758 20
-0.301 0.278 9.768 20
-0.274 0.271 9.758 20
-0.241 0.288 9.756 21
-0.164 0.228 9.761 20
-0.104 0.204 9.753 20
-0.037 0.266 9.756 20
-0.028 0.254 9.765 20
0.038 0.233 9.758 20
0.158 0.223 9.765 20
0.227 0.242 9.753 21
0.208 0.235 9.756 20
0.239 0.242 9.751 20
0.335 0.233 9.78 20
0.426 0.233 9.744 20
0.46 0.223 9.744 20
0.46 0.223 9.78 20
0.443 0.278 9.775 21
0.464 0.233 9.758 20
0.517 0.213 9.773 20
0.524 0.28 9.763 20
0.476 0.285 9.768 20
0.462 0.259 9.756 20
0.45 0.309 9.768 20
0.431 0.336 9.768 21
0.414 0.307 9.753 20
0.4 0.302 9.773 20
0.414 0.328 9.768 20
0.388 0.295 9.768 20
0.311 0.292 9.761 20
0.275 0.307 9.765 20
0.254 0.3 9.77 21
0.182 0.288 9.761 20
0.112 0.283 9.789 20
0.06 0.271 9.756 20
0.002 0.276 9.744 20
-0.016 0.249 9.753 20
-0.052 0.264 9.744 20
-0.128 0.264 9.742 21
-0.169 0.237 9.761 20
-0.179 0.237 9.765 20
-0.188 0.23 9.753 20
-0.231 0.216 9.756 20
-0.258 0.211 9.761 20
-0.258 0.235 9.758 20
-0.258 0.209 9.756 21
-0.234 0.187 9.777 20
-0.255 0.233 9.775 20
-0.274 0.237 9.77 20
-0.241 0.218 9.773 20
-0.217 0.245 9.758 20
-0.188 0.247 9.753 20
-0.179 0.24 9.749 21
-0.174 0.278 9.749 20
-0.179 0.288 9.744 20
-0.157 0.259 9.761 20
-0.15 0.252 9.749 20
-0.093 0.295 9.753 20
-0.078 0.3 9.775 20
-0.052 0.285 9.758 21
0.029 0.312 9.765 20
0.076 0.326 9.773 20
0.108 0.314 9.77 20
0.134 0.297 9.77 20
0.179 0.295 9.756 20
0.256 0.283 9.768 20
0.263 0.273 9.751 21
0.273 0.273 9.753 20
0.304 0.271 9.758 20
0.345 0.249 9.775 20
0.369 0.233 9.756 20
0.354 0.242 9.765 20
0.323 0.252 9.782 20
0.311 0.242 9.768 21
0.359 0.23 9.773 20
0.354 0.24 9.777 20
0.29 0.223 9.758 20
0.234 0.225 9.78 20
0.23 0.24 9.758 20
0.263 0.223 9.758 20
0.234 0.211 9.763 21
0.143 0.273 9.753 20
0.117 0.273 9.768 20
0.139 0.228 9.742 20
0.143 0.278 9.763 20
0.098 0.307 9.773 20
0.06 0.249 9.761 20
0.0 0.266 9.789 21
-0.018 0.283 9.761 20
-0.011 0.247 9.751 20
-0.035 0.288 9.746 20
-0.081 0.307 9.758 20
-0.112 0.278 9.78 20
-0.133 0.266 9.756 20
-0.119 0.283 9.77 21
-0.109 0.292 9.78 20
-0.164 0.292 9.756 20
-0.191 0.283 9.756 20
-0.148 0.247 9.768 20
-0.109 0.264 9.763 20
-0.138 0.292 9.753 21
-0.143 0.257 9.753 20
-0.136 0.24 9.773 20
-0.095 0.257 9.761 20
-0.037 0.235 9.768 20
-0.054 0.247 9.763 20
-0.109 0.261 9.756 20
-0.045 0.218 9.768 21
0.026 0.247 9.777 20
-0.002 0.288 9.758 20
-0.042 0.225 9.753 20
-0.014 0.242 9.761 20
0.067 0.257 9.739 20
0.148 0.257 9.773 20
0.134 0.233 9.756 21
0.084 0.268 9.765 20
0.141 0.245 9.775 20
0.23 0.245 9.761 20
0.232 0.261 9.761 20
0.22 0.266 9.768 20
0.199 0.268 9.773 20
0.203 0.257 9.765 21
0.27 0.271 9.765 20
0.292 0.292 9.746 20
0.258 0.266 9.758 20
0.208 0.254 9.765 20
0.218 0.273 9.775 20
0.237 0.266 9.763 20
0.246 0.278 9.763 21
0.203 0.266 9.765 20
0.165 0.252 9.763 20
0.136 0.273 9.775 20
0.141 0.283 9.749 20
0.136 0.283 9.761 20
0.12 0.266 9.756 20
0.064 0.257 9.763 21
0.045 0.28 9.768 20
0.043 0.254 9.753 20
0.014 0.257 9.763 20
-0.009 0.276 9.758 20
-0.037 0.249 9.78 20
-0.059 0.266 9.761 20
-0.064 0.261 9.765 21
-0.073 0.247 9.756 20
-0.083 0.235 9.775 20
-0.102 0.249 9.756 20
-0.09 0.261 9.765 20
-0.121 0.252 9.756 20
-0.093 0.254 9.73 20
-0.1 0.266 9.746 21
-0.104 0.257 9.768 20
-0.104 0.242 9.761 20
-0.069 0.254 9.768 20
-0.078 0.261 9.763 20
-0.033 0.237 9.773 20
-0.028 0.24 9.768 20
-0.006 0.276 9.773 21
-0.002 0.264 9.753 20
0.021 0.268 9.744 20
0.041 0.285 9.773 20
0.072 0.283 9.77 20
0.098 0.261 9.761 20
0.105 0.268 9.744 20
0.134 0.268 9.758 21
0.148 0.268 9.758 20
0.158 0.283 9.753 20
0.179 0.264 9.751 20
0.172 0.257 9.756 20
0.163 0.28 9.777 20
0.182 0.264 9.768 20
0.225 0.245 9.768 21
0.225 0.257 9.775 20
0.223 0.254 9.756 20
0.165 0.237 9.77 20
0.155 0.24 9.753 20
0.225 0.249 9.756 20
0.211 0.254 9.765 20
0.165 0.257 9.77 21
0.153 0.271 9.753 20
0.134 0.271 9.753 20
0.132 0.257 9.758 20
0.112 0.264 9.768 20
0.103 0.278 9.775 20
0.045 0.285 9.77 20
0.038 0.271 9.761 21
0.031 0.276 9.749 20
0.036 0.283 9.761 20
-0.009 0.264 9.77 20
-0.052 0.278 9.775 20
-0.035 0.268 9.773 20
-0.018 0.271 9.768 20
-0.03 0.257 9.761 21
-0.078 0.261 9.773 20
-0.088 0.276 9.773 20
-0.071 0.261 9.765 20
-0.052 0.261 9.751 20
-0.069 0.273 9.765 20
-0.088 0.245 9.773 20
-0.078 0.249 9.751 21
-0.047 0.266 9.761 20
-0.04 0.249 9.768 20
-0.049 0.252 9.756 20
-0.045 0.283 9.746 20
0.019 0.264 9.765 20
0.019 0.242 9.763 20
0.033 0.252 9.753 21
0.033 0.268 9.763 20
0.048 0.261 9.758 20
0.098 0.259 9.765 20
0.084 0.276 9.746 20
0.064 0.268 9.763 20
0.084 0.268 9.758 20
0.143 0.288 9.756 21
0.177 0.257 9.761 20
0.158 0.264 9.773 20
0.117 0.288 9.765 20
0.132 0.271 9.77 20
0.196 0.264 9.763 20
0.208 0.278 9.761 20
0.179 0.266 9.742 21
0.148 0.29 9.756 20
0.163 0.278 9.77 20
0.196 0.276 9.751 20
0.187 0.28 9.746 20
0.139 0.268 9.749 20
0.115 0.264 9.768 20
0.136 0.268 9.761 21
0.153 0.278 9.758 20
0.112 0.254 9.763 20
0.064 0.273 9.765 20
0.041 0.29 9.758 20
0.074 0.242 9.768 20
0.079 0.24 9.744 20
0.055 0.254 9.758 21
0.012 0.252 9.765 20
-0.006 0.264 9.765 20
-0.014 0.273 9.751 20
0.007 0.254 9.78 20
-0.009 0.261 9.78 20
-0.045 0.28 9.768 20
-0.071 0.268 9.758 20
-0.052 0.24 9.751 21
-0.025 0.264 9.753 20
-0.033 0.247 9.758 20
-0.054 0.235 9.765 20
-0.057 0.257 9.753 20
-0.028 0.264 9.756 20
-0.016 0.245 9.77 21
-0.023 0.266 9.742 20
-0.004 0.268 9.758 20
0.0 0.259 9.768 20
0.012 0.249 9.756 20
0.029 0.261 9.758 20
0.05 0.273 9.768 20
0.067 0.257 9.763 21
0.069 0.271 9.761 20
0.081 0.295 9.782 20
0.076 0.28 9.77 20
0.091 0.254 9.758 20
0.117 0.266 9.768 20
0.124 0.261 9.751 20
0.134 0.271 9.761 21
0.124 0.264 9.77 20
0.136 0.259 9.763 20
0.143 0.249 9.763 20
0.16 0.268 9.761 20
0.151 0.292 9.777 20
0.127 0.264 9.751 20
0.167 0.257 9.768 21
0.172 0.266 9.756 20
0.153 0.264 9.777 20
0.132 0.28 9.777 20
0.096 0.276 9.765 20
0.108 0.252 9.77 20
0.117 0.266 9.768 20
0.086 0.28 9.768 21
0.062 0.252 9.758 20
0.057 0.283 9.753 20
0.045 0.271 9.749 20
0.064 0.235 9.761 20
0.021 0.249 9.768 20
0.002 0.273 9.763 20
0.043 0.249 9.751 21
0.048 0.259 9.751 20
0.012 0.252 9.768 20
-0.021 0.235 9.765 20
-0.018 0.264 9.77 20
0.009 0.276 9.761 20
0.029 0.257 9.763 20
0.0 0.259 9.773 20
-0.061 0.276 9.773 21
-0.049 0.448 9.947 20
0.246 0.331 9.552 20
0.139 0.13 9.742 20
-0.107 0.249 9.897 20
0.012 0.285 9.744 20
0.091 0.127 9.773 20
-0.073 0.288 9.763 21
-0.052 0.35 9.792 20
0.048 0.166 9.749 20
-0.071 0.278 9.765 20
-0.004 0.297 9.751 20
0.167 0.11 9.758 20
0.048 0.18 9.761 21
-0.006 0.321 9.775 20
0.086 0.242 9.77 20
0.033 0.245 9.761 20
0.026 0.288 9.753 20
0.155 0.223 9.751 20
0.093 0.268 9.768 20
0.081 0.321 9.773 21
0.16 0.252 9.758 20
0.103 0.271 9.746 20
0.074 0.331 9.768 20
0.16 0.3 9.765 20
0.153 0.292 9.763 20
0.115 0.292 9.751 20
0.153 0.247 9.765 21
0.136 0.297 9.761 20
0.129 0.307 9.763 20
0.16 0.24 9.761 20
0.134 0.264 9.763 20
0.093 0.3 9.765 20
0.12 0.259 9.758 20
0.117 0.264 9.773 21
0.11 0.259 9.763 20
0.117 0.204 9.753 20
0.079 0.254 9.763 20
0.055 0.295 9.768 20
0.076 0.225 9.773 20
0.055 0.228 9.746 20
0.021 0.276 9.765 21
0.024 0.247 9.753 20
0.017 0.257 9.751 20
0.019 0.266 9.751 20
0.026 0.225 9.746 20
0.002 0.235 9.763 20
-0.028 0.268 9.77 20
-0.009 0.249 9.751 21
0.009 0.223 9.758 20
0.002 0.254 9.765 20
-0.014 0.252 9.758 20
-0.011 0.254 9.751 20
-0.006 0.28 9.773 20
-0.006 0.278 9.765 20
0.029 0.245 9.742 21
0.038 0.273 9.753 20
0.041 0.319 9.761 20
0.021 0.271 9.773 20
0.014 0.252 9.761 20
0.041 0.302 9.758 20
0.053 0.28 9.763 20
0.064 0.247 9.749 21
0.053 0.278 9.758 20
0.081 0.264 9.765 20
0.076 0.24 9.739 20
0.098 0.266 9.758 20
0.069 0.326 9.852 20
0.117 0.316 9.639 20
0.057 0.28 9.789 21
0.06 0.268 9.763 20
0.1 0.292 9.789 20
0.134 0.178 9.739 20
0.076 0.225 9.768 20
0.105 0.245 9.77 20
0.184 0.139 9.782 20
0.117 0.24 9.77 21
0.103 0.218 9.773 20

# Completed @Tue Aug 01 23:15:29 GMT+08:00 2017
