0.369 0.237 9.761 0
0.366 0.254 9.789 20
0.376 0.245 9.78 20
0.376 0.259 9.773 20
0.376 0.278 9.773 20
0.376 0.261 9.775 20
0.385 0.278 9.758 20
0.385 0.288 9.758 21
0.39 0.29 9.782 20
0.402 0.292 9.777 20
0.4 0.292 9.77 20
0.404 0.3 9.782 20
0.424 0.288 9.773 20
0.419 0.288 9.785 20
0.431 0.283 9.768 21
0.426 0.285 9.775 20
0.431 0.278 9.768 20
0.436 0.283 9.761 20
0.438 0.273 9.777 20
0.438 0.276 9.777 20
0.421 0.264 9.777 20
0.424 0.259 9.768 21
0.433 0.247 9.77 20
0.436 0.254 9.765 20
0.431 0.23 9.758 20
0.416 0.235 9.773 20
0.412 0.252 9.78 20
0.409 0.266 9.78 21
0.407 0.245 9.77 20
0.404 0.245 9.773 20
0.402 0.245 9.77 20
0.378 0.266 9.758 20
0.385 0.261 9.756 20
0.395 0.259 9.758 20
0.388 0.271 9.78 21
0.378 0.283 9.761 20
0.376 0.273 9.77 20
0.361 0.283 9.785 20
0.354 0.283 9.765 20
0.369 0.288 9.765 20
0.373 0.28 9.77 20
0.361 0.29 9.777 21
0.364 0.288 9.785 20
0.364 0.278 9.777 20
0.371 0.283 9.761 20
0.361 0.28 9.777 20
0.376 0.288 9.763 20
0.388 0.268 9.765 20
0.39 0.254 9.77 21
0.383 0.266 9.763 20
0.39 0.264 9.77 20
0.4 0.259 9.775 20
0.397 0.247 9.77 20
0.383 0.252 9.753 20
0.412 0.24 9.758 20
0.395 0.247 9.753 21
0.404 0.24 9.787 20
0.431 0.237 9.768 20
0.414 0.242 9.746 20
0.419 0.259 9.787 20
0.416 0.266 9.773 20
0.414 0.264 9.746 20
0.433 0.266 9.775 21
0.424 0.278 9.768 20
0.428 0.283 9.765 20
0.426 0.283 9.763 20
0.424 0.283 9.761 20
0.395 0.278 9.715 20
0.802 0.424 10.129 20
1.843 0.601 10.448 21
1.42 0.031 9.306 20
-0.703 0.091 9.138 20
-1.733 0.364 9.876 20
-0.263 0.233 9.974 20
1.218 -0.059 9.813 20
-0.253 0.628 8.698 20
-2.64 0.857 9.801 21
-3.612 -0.126 9.643 20
-2.049 -0.59 9.66 20
-1.84 0.498 9.694 20
-2.276 -0.003 9.574 20
-3.605 -1.406 9.83 20
-3.464 -1.222 10.18 21
-3.634 -0.717 9.251 20
-2.887 -0.588 11.111 20
-4.036 -1.433 8.779 20
-3.265 -0.422 14.494 20
-4.902 -1.129 8.475 20
-11.865 -1.507 6.445 20
-4.211 0.86 12.883 21
11.717 0.041 8.504 20
8.559 0.553 8.293 20
-5.005 1.856 8.954 20
-8.879 -0.049 8.863 20
1.353 0.273 7.625 20
12.675 2.809 10.263 20
8.629 1.985 11.209 21
3.677 0.539 9.028 20
-1.67 0.953 9.088 20
1.101 2.062 9.39 20
11.083 2.574 10.836 20
11.32 1.185 12.366 20
5.451 1.753 10.692 20
1.324 1.48 8.164 21
3.213 1.08 9.928 20
8.528 1.308 11.494 20
8.741 1.152 11.614 20
4.171 0.678 9.725 20
1.336 0.07 8.86 20
3.196 0.259 9.801 20
5.54 0.484 10.73 21
5.708 -0.018 10.273 20
3.0 -0.403 9.016 20
0.057 0.07 8.844 20
0.278 -0.09 9.284 20
2.394 -0.636 9.627 20
2.837 -0.248 9.44 20
0.855 -0.154 9.064 21
-2.049 -0.413 9.076 20
-2.889 -0.767 9.332 20
-1.239 -0.485 9.459 20
-0.459 0.103 9.382 20
-1.78 -0.08 9.351 20
-4.132 -0.494 9.682 20
-5.195 -0.267 10.12 21
-4.065 0.154 10.007 20
-2.324 0.292 9.761 20
-2.602 0.321 9.806 20
-4.637 0.312 10.12 20
-4.955 0.089 10.453 20
-3.816 0.008 10.307 21
-2.899 0.343 9.856 20
-2.812 0.508 9.854 20
-4.258 0.462 10.134 20
-4.342 0.084 10.175 20
-3.064 -0.032 9.861 20
-2.288 0.328 9.67 20
-2.111 0.3 9.646 21
-2.276 0.206 9.653 20
-2.118 0.237 9.528 20
-1.074 0.201 9.411 20
-0.037 0.173 9.349 20
-0.011 0.242 9.356 20
0.072 0.245 9.39 20
0.926 0.096 9.504 21
1.843 0.012 9.445 20
2.14 0.187 9.459 20
2.313 0.185 9.509 20
2.612 0.084 9.627 20
3.081 0.036 9.756 20
3.819 -0.025 9.919 20
4.379 -0.059 9.976 21
4.274 0.178 9.952 20
3.991 0.422 9.99 20
4.154 0.362 10.101 20
4.372 0.407 10.206 20
4.218 0.647 10.137 20
3.864 0.747 10.036 20
3.431 0.843 9.95 21
3.261 0.81 9.974 20
3.17 0.618 9.952 20
2.784 0.611 9.844 20
2.222 0.793 9.71 20
1.807 0.982 9.639 20
1.657 0.869 9.636 20
1.568 0.496 9.641 21
0.879 0.544 9.55 20
0.567 0.491 9.54 20
0.196 0.539 9.512 20
-0.116 0.371 9.504 20
-0.444 0.283 9.56 20
-0.954 0.17 9.545 21
-1.484 0.022 9.624 20
-1.816 0.118 9.677 20
-1.922 0.06 9.694 20
-2.051 -0.188 9.775 20
-2.219 -0.209 9.797 20
-2.29 -0.063 9.832 20
-1.996 0.065 9.914 21
-2.101 -0.219 9.864 20
-2.101 -0.25 9.892 20
-2.027 -0.248 9.89 20
-1.919 -0.26 9.907 20
-1.874 -0.047 9.883 20
-1.773 0.101 9.856 20
-1.797 0.029 9.856 21
-2.001 -0.015 9.821 20
-1.752 0.058 9.785 20
-1.443 0.285 9.765 20
-1.156 0.383 9.71 20
-0.938 0.393 9.684 20
-0.825 0.405 9.655 20
-0.538 0.417 9.629 21
0.053 0.491 9.629 20
0.469 0.628 9.627 20
0.644 0.666 9.651 20
0.857 0.546 9.643 20
1.25 0.467 9.686 20
1.652 0.465 9.684 20
1.894 0.563 9.749 21
2.016 0.515 9.787 20
2.085 0.438 9.77 20
2.332 0.386 9.785 20
2.693 0.283 9.852 20
2.77 0.304 9.897 20
2.542 0.388 9.883 21
2.31 0.386 9.873 20
2.272 0.268 9.859 20
2.353 0.211 9.871 20
2.262 0.321 9.9 20
2.092 0.276 9.861 20
1.81 0.245 9.801 20
1.568 0.304 9.806 21
1.568 0.252 9.789 20
1.511 0.175 9.768 20
1.293 0.209 9.756 20
1.015 0.285 9.722 20
0.716 0.252 9.708 20
0.603 0.206 9.703 20
0.457 0.34 9.753 21
0.225 0.328 9.698 20
-0.145 0.254 9.686 20
-0.437 0.278 9.703 20
-0.528 0.288 9.727 20
-0.485 0.201 9.725 20
-0.734 0.297 9.718 20
-0.95 0.379 9.761 21
-1.062 0.359 9.768 20
-1.045 0.304 9.775 20
-0.861 0.35 9.804 20
-0.988 0.359 9.799 20
-1.249 0.29 9.792 20
-1.187 0.206 9.825 21
-0.945 0.194 9.797 20
-0.897 0.189 9.806 20
-1.112 0.187 9.816 20
-1.237 0.161 9.813 20
-1.191 0.151 9.797 20
-0.902 0.12 9.773 20
-0.729 0.132 9.773 21
-0.77 0.201 9.773 20
-0.662 0.185 9.756 20
-0.325 0.096 9.718 20
-0.073 0.13 9.703 20
0.05 0.204 9.73 20
0.268 0.213 9.708 20
0.512 0.221 9.72 21
0.754 0.235 9.73 20
1.013 0.233 9.768 20
1.183 0.261 9.765 20
1.221 0.333 9.773 20
1.348 0.302 9.768 20
1.537 0.259 9.785 21
1.556 0.374 9.797 20
1.446 0.51 9.806 20
1.422 0.486 9.806 20
1.515 0.429 9.801 20
1.628 0.441 9.821 20
1.657 0.386 9.813 20
1.525 0.436 9.811 21
1.333 0.563 9.816 20
1.377 0.479 9.83 20
1.41 0.369 9.809 20
1.35 0.41 9.794 20
1.197 0.417 9.77 20
1.053 0.383 9.761 20
0.943 0.333 9.765 21
0.859 0.338 9.758 20
0.732 0.292 9.746 20
0.51 0.257 9.742 20
0.316 0.266 9.739 20
0.223 0.233 9.744 20
0.151 0.173 9.746 21
-0.021 0.137 9.739 20
-0.215 0.185 9.746 20
-0.306 0.146 9.749 20
-0.358 0.118 9.744 20
-0.428 0.154 9.777 20
-0.471 0.139 9.782 20
-0.588 0.127 9.768 21
-0.698 0.18 9.761 20
-0.729 0.182 9.787 20
-0.705 0.156 9.787 20
-0.679 0.185 9.775 20
-0.727 0.254 9.758 20
-0.689 0.252 9.813 20
-0.698 0.242 9.799 21
-0.691 0.285 9.761 20
-0.588 0.297 9.777 20
-0.516 0.297 9.777 20
-0.423 0.321 9.765 20
-0.284 0.355 9.761 20
-0.172 0.345 9.756 20
-0.04 0.336 9.765 21
0.127 0.359 9.765 20
0.254 0.371 9.737 20
0.4 0.312 9.734 20
0.546 0.321 9.734 20
0.653 0.357 9.773 20
0.804 0.297 9.797 21
0.974 0.247 9.782 20
1.008 0.268 9.777 20
1.051 0.271 9.773 20
1.132 0.233 9.773 20
1.163 0.271 9.801 20
1.197 0.288 9.797 20
1.245 0.245 9.801 21
1.24 0.209 9.811 20
1.223 0.264 9.787 20
1.204 0.288 9.777 20
1.185 0.273 9.787 20
1.144 0.314 9.787 20
1.183 0.297 9.78 21
1.123 0.254 9.792 20
0.993 0.333 9.77 20
0.917 0.379 9.758 20
0.811 0.343 9.785 20
0.67 0.35 9.775 20
0.546 0.362 9.758 20
0.424 0.367 9.749 21
0.297 0.359 9.742 20
0.172 0.34 9.758 20
0.041 0.34 9.806 20
-0.107 0.316 9.725 20
-0.167 0.336 9.775 20
-0.222 0.331 9.763 20
-0.31 0.266 9.763 21
-0.425 0.271 9.775 20
-0.468 0.268 9.773 20
-0.456 0.216 9.758 20
-0.454 0.189 9.763 20
-0.483 0.187 9.775 20
-0.526 0.213 9.768 20
-0.488 0.156 9.78 21
-0.416 0.163 9.785 20
-0.409 0.182 9.789 20
-0.373 0.122 9.775 20
-0.291 0.137 9.775 20
-0.224 0.206 9.761 20
-0.148 0.223 9.761 21
-0.102 0.166 9.756 20
-0.049 0.218 9.773 20
0.064 0.257 9.751 20
0.232 0.223 9.753 20
0.361 0.247 9.758 20
0.412 0.321 9.742 20
0.495 0.316 9.763 21
0.641 0.268 9.765 20
0.728 0.348 9.768 20
0.795 0.388 9.77 20
0.867 0.331 9.773 20
0.922 0.357 9.77 20
0.946 0.427 9.806 21
0.977 0.386 9.799 20
0.993 0.355 9.794 20
0.977 0.41 9.789 20
0.97 0.407 9.801 20
1.008 0.326 9.787 20
0.972 0.333 9.773 20
0.902 0.369 9.775 21
0.883 0.331 9.792 20
0.869 0.302 9.773 20
0.795 0.319 9.773 20
0.744 0.319 9.785 20
0.689 0.261 9.787 20
0.618 0.218 9.765 20
0.555 0.266 9.744 21
0.464 0.264 9.763 20
0.359 0.209 9.758 20
0.234 0.211 9.746 20
0.132 0.225 9.765 20
0.091 0.199 9.787 20
0.007 0.197 9.78 20
-0.138 0.206 9.758 21
-0.203 0.233 9.765 20
-0.205 0.221 9.775 20
-0.231 0.237 9.765 20
-0.286 0.247 9.749 20
-0.337 0.24 9.751 20
-0.318 0.249 9.753 20
-0.32 0.288 9.773 21
-0.291 0.285 9.782 20
-0.255 0.292 9.782 20
-0.248 0.307 9.77 20
-0.217 0.283 9.765 20
-0.126 0.266 9.775 20
-0.057 0.295 9.775 21
-0.021 0.302 9.765 20
0.048 0.292 9.763 20
0.115 0.304 9.77 20
0.158 0.316 9.782 20
0.246 0.271 9.753 20
0.333 0.266 9.773 20
0.397 0.292 9.768 21
0.483 0.268 9.765 20
0.589 0.257 9.78 20
0.641 0.252 9.768 20
0.689 0.264 9.773 20
0.759 0.221 9.775 20
0.8 0.24 9.78 21
0.833 0.266 9.782 20
0.869 0.264 9.785 20
0.864 0.288 9.775 20
0.864 0.302 9.77 20
0.871 0.285 9.785 20
0.845 0.295 9.799 20
0.814 0.338 9.763 21
0.795 0.321 9.782 20
0.785 0.312 9.801 20
0.706 0.324 9.782 20
0.644 0.326 9.777 20
0.594 0.345 9.765 20
0.546 0.338 9.758 20
0.505 0.312 9.77 21
0.438 0.333 9.768 20
0.299 0.312 9.761 20
0.256 0.309 9.768 20
0.218 0.302 9.761 20
0.141 0.28 9.758 20
0.067 0.285 9.765 20
0.026 0.28 9.775 21
-0.042 0.264 9.77 20
-0.093 0.259 9.773 20
-0.126 0.249 9.773 20
-0.16 0.235 9.782 20
-0.176 0.216 9.765 20
-0.157 0.237 9.78 21
-0.157 0.221 9.763 20
-0.191 0.197 9.742 20
-0.191 0.206 9.777 20
-0.145 0.223 9.751 20
-0.1 0.225 9.775 20
-0.052 0.223 9.761 20
-0.035 0.225 9.758 21
-0.006 0.242 9.765 20
0.091 0.247 9.775 20
0.151 0.254 9.765 20
0.196 0.266 9.765 20
0.27 0.292 9.777 20
0.321 0.307 9.768 20
0.381 0.304 9.761 21
0.452 0.3 9.777 20
0.503 0.326 9.78 20
0.558 0.34 9.775 20
0.61 0.326 9.78 20
0.661 0.331 9.753 20
0.694 0.359 9.775 21
0.711 0.333 9.77 20
0.732 0.309 9.777 20
0.752 0.319 9.78 20
0.761 0.331 9.773 20
0.773 0.312 9.768 20
0.737 0.304 9.765 20
0.713 0.307 9.782 21
0.73 0.283 9.785 20
0.694 0.292 9.777 20
0.639 0.292 9.77 20
0.601 0.271 9.785 20
0.558 0.28 9.773 20
0.507 0.266 9.758 20
0.474 0.257 9.763 21
0.414 0.247 9.777 20
0.333 0.247 9.773 20
0.268 0.254 9.782 20
0.23 0.247 9.782 20
0.177 0.252 9.777 20
0.103 0.257 9.77 21
0.06 0.273 9.763 20
0.036 0.264 9.761 20
0.002 0.245 9.756 20
-0.037 0.273 9.775 20
-0.088 0.295 9.768 20
-0.1 0.268 9.744 20
-0.073 0.273 9.78 21
-0.09 0.288 9.773 20
-0.116 0.288 9.761 20
-0.109 0.266 9.77 20
-0.069 0.295 9.758 20
-0.018 0.288 9.77 20
0.009 0.257 9.763 20
0.033 0.266 9.768 21
0.074 0.285 9.787 20
0.112 0.273 9.768 20
0.199 0.259 9.773 20
0.254 0.285 9.763 20
0.292 0.29 9.761 20
0.325 0.264 9.765 20
0.378 0.264 9.78 21
0.452 0.292 9.777 20
0.51 0.268 9.78 20
0.555 0.261 9.782 20
0.548 0.28 9.794 20
0.586 0.283 9.787 20
0.641 0.259 9.775 21
0.67 0.278 9.787 20
0.682 0.29 9.775 20
0.651 0.278 9.744 20
0.682 0.292 9.753 20
0.721 0.312 9.782 20
0.699 0.331 9.768 20
0.637 0.297 9.775 21
0.603 0.307 9.775 20
0.603 0.328 9.775 20
0.591 0.312 9.775 20
0.555 0.312 9.756 20
0.491 0.324 9.751 20
0.452 0.302 9.758 20
0.448 0.28 9.765 21
0.383 0.3 9.773 20
0.313 0.3 9.789 20
0.28 0.285 9.768 20
0.242 0.271 9.763 20
0.184 0.283 9.775 20
0.16 0.264 9.749 21
0.11 0.259 9.789 20
0.05 0.285 9.789 20
0.024 0.261 9.773 20
0.024 0.233 9.768 20
0.009 0.278 9.756 20
-0.023 0.259 9.751 20
-0.03 0.23 9.768 21
-0.016 0.225 9.782 20
0.014 0.252 9.782 20
0.009 0.235 9.782 20
0.026 0.23 9.763 20
0.036 0.273 9.758 20
0.055 0.261 9.765 20
0.105 0.228 9.78 21
0.143 0.278 9.773 20
0.155 0.29 9.768 20
0.194 0.266 9.77 20
0.266 0.257 9.753 20
0.385 0.343 9.718 20
1.47 0.86 9.835 21
1.451 0.774 9.777 20
0.534 0.565 9.706 20
0.445 0.529 9.78 20
0.594 0.113 9.806 20
0.515 -0.027 9.782 20
0.163 0.127 9.765 20
0.007 -0.003 9.758 21
0.359 -0.173 9.789 20
0.661 -0.063 9.787 20
0.366 0.02 9.782 20
0.029 -0.068 9.78 20
0.076 0.012 9.765 20
0.297 0.189 9.768 20
0.407 0.127 9.78 21
0.261 0.113 9.761 20
0.024 0.276 9.758 20
0.122 0.316 9.775 20
0.404 0.28 9.765 20
0.33 0.427 9.773 20
0.074 0.529 9.763 21
0.112 0.45 9.765 20
0.287 0.47 9.785 20
0.325 0.573 9.765 20
0.258 0.563 9.753 20
0.165 0.541 9.756 20
0.172 0.549 9.785 20
0.373 0.496 9.792 21
0.44 0.415 9.768 20
0.282 0.441 9.775 20
0.225 0.431 9.761 20
0.39 0.304 9.768 20
0.481 0.252 9.787 20
0.421 0.264 9.758 20
0.357 0.185 9.753 21
0.34 0.106 9.763 20
0.433 0.101 9.78 20
0.524 0.07 9.77 20
0.474 0.003 9.763 20
0.373 0.07 9.77 20
0.383 0.072 9.77 21
0.491 0.015 9.789 20
0.479 0.067 9.823 20
0.424 0.082 9.744 20
0.302 0.173 9.787 20
0.404 0.156 9.746 20
0.402 0.233 9.773 20
0.419 0.268 9.777 21
0.335 0.314 9.78 20
0.313 0.355 9.746 20
0.333 0.4 9.758 20
0.354 0.4 9.777 20
0.323 0.453 9.763 20
0.258 0.482 9.77 20
0.246 0.501 9.758 21
0.251 0.496 9.765 20
0.244 0.474 9.768 20
0.234 0.465 9.758 20
0.218 0.446 9.777 20
0.23 0.424 9.765 20
0.218 0.362 9.77 21
0.234 0.324 9.756 20
0.232 0.304 9.78 20
0.23 0.273 9.77 20
0.244 0.211 9.77 20
0.244 0.17 9.749 20
0.234 0.139 9.744 20
0.268 0.106 9.77 21
0.304 0.084 9.753 20
0.299 0.089 9.768 20
0.28 0.065 9.768 20
0.309 0.072 9.758 20
0.323 0.12 9.768 20
0.323 0.137 9.768 20
0.335 0.118 9.777 21
0.325 0.168 9.775 20
0.33 0.233 9.768 20
0.342 0.245 9.77 20
0.381 0.278 9.775 20
0.385 0.35 9.794 20
0.345 0.419 9.78 20
0.436 0.314 9.765 21
0.381 0.381 9.768 20
0.378 0.491 9.768 20
0.395 0.422 9.763 20
0.352 0.429 9.763 20
0.347 0.486 9.761 20
0.373 0.443 9.777 21
0.388 0.381 9.773 20
0.349 0.403 9.773 20
0.371 0.362 9.765 20

# Completed @Tue Aug 01 09:30:53 GMT+08:00 2017
