0.079 0.259 9.758 0
0.148 0.154 9.763 20
0.139 0.122 9.746 20
0.12 0.139 9.763 20
0.132 0.096 9.739 20
0.093 0.175 9.765 20
0.084 0.285 9.77 20
0.117 0.273 9.751 21
0.096 0.237 9.765 20
0.098 0.259 9.77 20
0.177 0.268 9.761 20
0.201 0.252 9.763 20
0.163 0.278 9.768 20
0.141 0.309 9.768 20
0.155 0.295 9.78 21
0.201 0.264 9.768 20
0.256 0.209 9.775 20
0.182 0.166 9.77 20
0.057 0.278 9.775 20
0.038 0.383 9.756 20
0.084 0.285 9.77 21
0.024 0.312 9.773 20
0.019 0.304 9.753 20
-0.006 0.24 9.756 20
-0.016 0.249 9.78 20
0.074 0.216 9.765 20
0.055 0.168 9.763 20
-0.049 0.166 9.765 21
-0.03 0.168 9.77 20
0.053 0.144 9.78 20
0.048 0.144 9.768 20
0.019 0.118 9.751 20
0.043 0.127 9.768 20
0.079 0.139 9.773 20
0.124 0.127 9.775 21
0.124 0.161 9.758 20
0.093 0.211 9.765 20
0.088 0.18 9.758 20
0.151 0.189 9.77 20
0.199 0.261 9.761 20
0.167 0.249 9.751 20
0.151 0.242 9.756 21
0.175 0.288 9.765 20
0.23 0.302 9.773 20
0.239 0.285 9.77 20
0.211 0.307 9.773 20
0.189 0.34 9.758 20
0.23 0.324 9.78 21
0.249 0.309 9.768 20
0.234 0.316 9.768 20
0.208 0.304 9.77 20
0.184 0.3 9.758 20
0.218 0.28 9.77 20
0.201 0.23 9.768 20
0.167 0.206 9.775 21
0.146 0.228 9.758 20
0.143 0.213 9.768 20
0.153 0.166 9.765 20
0.134 0.144 9.77 20
0.122 0.173 9.773 20
0.134 0.175 9.785 20
0.148 0.113 9.742 21
0.093 0.24 9.773 20
0.019 0.307 9.768 20
0.038 0.197 9.751 20
0.091 0.185 9.739 20
0.213 0.163 9.749 20
0.239 0.24 9.749 21
0.258 0.264 9.737 20
0.244 0.192 9.789 20
0.357 0.228 9.641 20
0.285 0.079 9.461 20
-0.195 0.07 9.533 20
-0.698 0.391 9.54 20
-1.065 0.496 9.277 21
-1.282 0.027 9.545 20
-1.785 0.024 9.524 20
-2.405 0.273 9.447 20
-2.642 -0.14 9.768 20
-3.253 -0.382 9.428 20
-3.121 -0.908 10.45 20
-3.693 -0.056 9.579 21
-4.642 0.017 11.013 20
-6.265 -0.626 10.091 20
-4.493 -0.032 12.737 20
-11.867 -0.284 12.459 20
-4.132 1.772 8.995 20
2.59 -0.319 6.988 21
4.819 -0.901 8.779 20
-0.851 2.055 9.418 20
-7.175 2.246 9.54 20
-2.243 0.268 8.319 20
7.218 0.553 8.729 20
8.815 1.291 10.381 20
2.789 0.089 9.339 21
-2.027 0.077 8.52 20
2.655 1.092 8.877 20
9.905 0.103 11.015 20
9.694 -1.157 11.465 20
4.666 -0.059 9.861 20
2.203 1.36 9.174 20
5.744 -0.157 10.283 21
9.601 -1.385 11.693 20
8.562 -0.317 11.305 20
3.919 -0.14 9.545 20
2.705 -0.667 9.337 20
6.227 -0.655 10.455 20
7.542 -0.698 10.977 21
4.429 -1.043 9.569 20
1.168 -0.554 8.894 20
1.882 -0.023 9.267 20
3.931 -0.291 9.595 20
3.112 -0.41 9.323 20
0.208 -0.015 8.772 20
-1.864 0.338 9.062 21
-1.115 0.438 9.32 20
0.223 0.479 9.181 20
-0.296 0.474 9.011 20
-2.544 0.118 9.198 20
-4.232 0.494 9.73 20
-3.851 0.893 9.888 21
-2.808 0.613 9.686 20
-3.318 0.601 9.538 20
-5.12 0.92 9.911 20
-6.346 0.929 10.393 20
-5.779 0.788 10.51 20
-4.541 0.778 10.285 20
-4.431 0.479 10.084 21
-5.377 0.065 10.144 20
-5.733 0.127 10.304 20
-4.759 0.137 10.189 20
-3.574 -0.212 9.993 20
-3.547 -0.387 9.854 20
-3.811 -0.343 9.804 20
-3.215 -0.432 9.636 21
-1.986 -0.571 9.375 20
-1.026 -0.571 9.306 20
-0.892 -0.394 9.318 20
-0.981 -0.293 9.313 20
-0.279 -0.149 9.22 20
0.804 0.058 9.224 20
1.635 0.137 9.294 21
1.872 0.228 9.342 20
2.157 0.247 9.399 20
2.708 0.23 9.514 20
3.34 0.331 9.725 20
3.91 0.419 9.844 20
4.199 0.422 9.849 21
4.477 0.417 9.988 20
4.898 0.268 10.137 20
5.167 0.508 10.345 20
4.915 0.577 10.304 20
4.556 0.467 10.139 20
4.791 0.407 10.168 20
5.028 0.434 10.292 21
4.602 0.333 10.156 20
3.759 0.405 9.943 20
3.254 0.367 9.775 20
3.234 0.158 9.732 20
3.127 0.137 9.694 20
2.483 0.125 9.54 21
1.434 0.075 9.392 20
0.582 0.106 9.337 20
0.412 0.149 9.368 20
0.44 -0.001 9.378 20
-0.176 -0.094 9.337 20
-1.302 -0.049 9.416 20
-1.994 0.029 9.526 21
-1.886 0.005 9.538 20
-1.706 0.089 9.593 20
-2.338 -0.193 9.593 20
-3.265 -0.226 9.816 20
-3.727 -0.001 9.926 20
-3.612 0.072 9.957 20
-3.404 0.029 9.916 21
-3.614 0.075 9.95 20
-4.148 0.149 10.103 20
-4.33 0.163 10.18 20
-3.873 0.264 10.074 20
-3.37 0.247 9.931 20
-3.248 0.087 9.919 21
-3.329 0.13 9.957 20
-3.121 0.24 9.9 20
-2.513 0.18 9.734 20
-1.809 0.166 9.591 20
-1.491 0.292 9.564 20
-1.388 0.304 9.581 20
-1.041 0.259 9.519 21
-0.33 0.345 9.461 20
0.495 0.367 9.437 20
0.962 0.34 9.481 20
0.979 0.369 9.504 20
1.185 0.302 9.504 20
1.906 0.199 9.572 20
2.59 0.197 9.67 21
2.928 0.247 9.763 20
3.026 0.199 9.797 20
3.079 0.077 9.816 20
3.488 0.077 9.923 20
3.979 0.029 10.041 20
4.025 0.048 10.07 21
3.84 0.106 10.038 20
3.56 0.07 9.995 20
3.546 0.103 9.998 20
3.685 0.096 10.036 20
3.51 0.118 9.964 20
3.043 0.166 9.864 20
2.595 0.122 9.773 21
2.437 0.168 9.739 20
2.198 0.295 9.701 20
1.616 0.276 9.612 20
1.008 0.273 9.55 20
0.61 0.297 9.552 20
0.359 0.338 9.543 20
-0.083 0.374 9.521 21
-0.648 0.379 9.548 20
-1.129 0.314 9.591 20
-1.361 0.235 9.612 20
-1.318 0.278 9.631 20
-1.551 0.362 9.703 20
-2.18 0.189 9.739 21
-2.626 0.079 9.806 20
-2.64 0.099 9.852 20
-2.578 0.106 9.864 20
-2.719 0.142 9.897 20
-3.021 0.142 9.921 20
-3.109 0.034 9.947 20
-2.855 -0.051 9.935 21
-2.676 0.024 9.911 20
-2.7 0.094 9.897 20
-2.642 -0.001 9.892 20
-2.362 -0.035 9.816 20
-1.929 -0.003 9.746 20
-1.594 -0.015 9.694 20
-1.366 0.034 9.684 21
-1.172 0.13 9.66 20
-0.849 0.144 9.615 20
-0.351 0.185 9.576 20
0.141 0.295 9.581 20
0.462 0.352 9.591 20
0.646 0.336 9.612 21
1.003 0.364 9.629 20
1.422 0.345 9.648 20
1.798 0.312 9.698 20
2.035 0.359 9.725 20
2.219 0.376 9.777 20
2.495 0.343 9.821 20
2.782 0.28 9.866 21
2.983 0.235 9.9 20
3.045 0.189 9.928 20
3.012 0.185 9.923 20
2.983 0.194 9.938 20
2.942 0.247 9.95 20
2.827 0.199 9.933 20
2.667 0.168 9.883 21
2.463 0.175 9.83 20
2.243 0.158 9.799 20
1.975 0.139 9.746 20
1.678 0.156 9.727 20
1.36 0.163 9.682 20
1.01 0.134 9.651 21
0.67 0.134 9.636 20
0.313 0.137 9.624 20
-0.114 0.17 9.627 20
-0.473 0.206 9.636 20
-0.708 0.213 9.66 20
-0.859 0.216 9.672 20
-1.048 0.218 9.679 21
-1.335 0.259 9.722 20
-1.699 0.247 9.763 20
-1.881 0.175 9.777 20
-1.862 0.137 9.804 20
-1.936 0.151 9.832 20
-2.132 0.185 9.849 21
-2.271 0.209 9.878 20
-2.226 0.178 9.873 20
-2.118 0.137 9.852 20
-2.07 0.154 9.852 20
-2.046 0.187 9.859 20
-1.953 0.185 9.813 20
-1.74 0.134 9.777 21
-1.428 0.11 9.737 20
-1.213 0.13 9.713 20
-1.072 0.151 9.72 20
-0.806 0.189 9.694 20
-0.478 0.211 9.662 20
-0.162 0.24 9.67 20
0.086 0.218 9.67 21
0.33 0.221 9.677 20
0.644 0.245 9.658 20
0.981 0.218 9.677 20
1.266 0.209 9.698 20
1.432 0.225 9.706 20
1.594 0.228 9.763 21
1.8 0.249 9.77 20
2.056 0.252 9.809 20
2.255 0.211 9.854 20
2.286 0.149 9.852 20
2.308 0.161 9.856 20
2.365 0.209 9.861 20
2.394 0.242 9.866 21
2.274 0.242 9.861 20
2.126 0.235 9.835 20
2.004 0.218 9.821 20
1.894 0.24 9.818 20
1.728 0.257 9.787 20
1.451 0.233 9.756 20
1.18 0.23 9.727 21
0.967 0.249 9.708 20
0.744 0.245 9.689 20
0.445 0.233 9.672 20
0.079 0.218 9.66 20
-0.231 0.197 9.698 20
-0.43 0.175 9.698 21
-0.583 0.192 9.71 20
-0.794 0.192 9.708 20
-0.971 0.201 9.732 20
-1.105 0.24 9.744 20
-1.311 0.271 9.782 20
-1.479 0.149 9.773 20
-1.531 0.101 9.792 21
-1.582 0.106 9.789 20
-1.661 0.122 9.816 20
-1.675 0.149 9.842 20
-1.694 0.158 9.828 20
-1.651 0.137 9.811 20
-1.524 0.11 9.809 21
-1.452 0.137 9.801 20
-1.352 0.134 9.777 20
-1.158 0.113 9.761 20
-0.902 0.149 9.746 20
-0.741 0.178 9.732 20
-0.595 0.178 9.715 20
-0.411 0.192 9.706 21
-0.157 0.218 9.701 20
0.108 0.221 9.691 20
0.347 0.221 9.698 20
0.546 0.261 9.713 20
0.742 0.276 9.727 20
0.967 0.245 9.71 20
1.187 0.252 9.734 21
1.355 0.268 9.763 20
1.444 0.271 9.785 20
1.573 0.29 9.792 20
1.74 0.285 9.811 20
1.882 0.259 9.816 20
1.91 0.194 9.84 21
1.841 0.211 9.83 20
1.815 0.249 9.835 20
1.824 0.235 9.821 20
1.757 0.24 9.809 20
1.616 0.206 9.787 20
1.46 0.187 9.768 20
1.307 0.211 9.777 21
1.166 0.225 9.768 20
0.97 0.17 9.744 20
0.742 0.175 9.739 20
0.503 0.225 9.718 20
0.292 0.194 9.715 20
0.084 0.187 9.72 21
-0.124 0.201 9.72 20
-0.327 0.182 9.718 20
-0.507 0.17 9.732 20
-0.643 0.189 9.761 20
-0.715 0.173 9.746 20
-0.863 0.206 9.763 20
-1.053 0.257 9.758 21
-1.16 0.233 9.785 20
-1.179 0.221 9.809 20
-1.225 0.187 9.787 20
-1.27 0.161 9.797 20
-1.27 0.158 9.789 20
-1.254 0.216 9.799 21
-1.206 0.213 9.792 20
-1.12 0.151 9.768 20
-1.043 0.166 9.773 20
-0.916 0.163 9.775 20
-0.749 0.158 9.758 20
-0.614 0.168 9.749 20
-0.485 0.17 9.761 21
-0.339 0.168 9.753 20
-0.172 0.187 9.739 20
0.009 0.223 9.737 20
0.22 0.213 9.732 20
0.412 0.189 9.727 20
0.565 0.218 9.749 20
0.725 0.206 9.756 21
0.898 0.209 9.751 20
1.005 0.252 9.763 20
1.135 0.242 9.782 20
1.24 0.213 9.797 20
1.331 0.266 9.804 20
1.46 0.276 9.825 20
1.496 0.228 9.799 21
1.472 0.23 9.818 20
1.491 0.218 9.813 20
1.489 0.242 9.804 20
1.396 0.278 9.794 20
1.302 0.266 9.782 20
1.226 0.206 9.775 21
1.094 0.221 9.777 20
0.986 0.237 9.753 20
0.816 0.223 9.768 20
0.632 0.211 9.749 20
0.488 0.209 9.734 20
0.349 0.201 9.73 20
0.146 0.201 9.737 21
-0.069 0.206 9.734 20
-0.219 0.194 9.742 20
-0.339 0.178 9.737 20
-0.449 0.182 9.753 20
-0.579 0.187 9.765 20
-0.679 0.173 9.765 20
-0.746 0.199 9.758 21
-0.832 0.206 9.78 20
-0.921 0.206 9.792 20
-0.971 0.206 9.785 20
-0.981 0.194 9.782 20
-0.954 0.149 9.801 20
-0.914 0.142 9.782 21
-0.909 0.17 9.775 20
-0.868 0.185 9.782 20
-0.784 0.175 9.768 20
-0.686 0.18 9.768 20
-0.593 0.173 9.761 20
-0.461 0.149 9.758 20
-0.353 0.185 9.756 21
-0.219 0.201 9.751 20
-0.083 0.197 9.761 20
0.055 0.197 9.742 20
0.211 0.221 9.756 20
0.369 0.225 9.739 20
0.515 0.237 9.732 21
0.644 0.242 9.742 20
0.771 0.23 9.756 20
0.881 0.235 9.773 20
0.96 0.247 9.765 20
1.056 0.254 9.782 20
1.108 0.247 9.78 20
1.19 0.247 9.78 21
1.235 0.221 9.794 20
1.24 0.221 9.821 20
1.218 0.211 9.804 20
1.18 0.223 9.78 20
1.139 0.228 9.77 20
1.063 0.225 9.789 20
0.965 0.223 9.782 21
0.852 0.213 9.777 20
0.771 0.206 9.751 20
0.658 0.216 9.761 20
0.517 0.216 9.763 20
0.369 0.201 9.749 20
0.215 0.182 9.744 21
0.074 0.189 9.725 20
-0.045 0.187 9.737 20
-0.179 0.192 9.761 20
-0.282 0.201 9.749 20
-0.373 0.185 9.746 20
-0.473 0.18 9.775 20
-0.559 0.192 9.775 21
-0.624 0.211 9.756 20
-0.684 0.216 9.773 20
-0.727 0.204 9.785 20
-0.741 0.201 9.777 20
-0.756 0.209 9.765 20
-0.772 0.197 9.787 20
-0.727 0.185 9.787 21
-0.674 0.178 9.785 20
-0.638 0.18 9.773 20
-0.586 0.178 9.768 20
-0.476 0.189 9.758 20
-0.397 0.166 9.746 20
-0.303 0.158 9.768 21
-0.207 0.18 9.775 20
-0.09 0.187 9.756 20
0.031 0.199 9.761 20
0.158 0.204 9.765 20
0.28 0.221 9.763 20
0.409 0.213 9.737 21
0.529 0.218 9.753 20
0.62 0.235 9.763 20
0.711 0.225 9.768 20
0.785 0.211 9.77 20
0.852 0.225 9.756 20
0.91 0.235 9.763 20
0.965 0.23 9.773 21
1.01 0.233 9.775 20
1.039 0.235 9.773 20
1.037 0.223 9.787 20
0.991 0.233 9.782 20
0.955 0.245 9.775 20
0.895 0.237 9.78 20
0.843 0.24 9.777 21
0.768 0.228 9.782 20
0.665 0.211 9.765 20
0.574 0.194 9.763 20
0.495 0.204 9.761 20
0.388 0.204 9.768 20
0.251 0.204 9.756 21
0.12 0.206 9.746 20
0.031 0.199 9.768 20
-0.083 0.182 9.758 20
-0.181 0.187 9.746 20
-0.27 0.182 9.744 20
-0.334 0.204 9.763 20
-0.401 0.204 9.77 21
-0.459 0.194 9.763 20
-0.519 0.204 9.768 20
-0.602 0.216 9.782 20
-0.624 0.194 9.782 20
-0.593 0.201 9.787 20
-0.607 0.213 9.765 20
-0.602 0.192 9.794 21
-0.55 0.194 9.775 20
-0.504 0.189 9.787 20
-0.452 0.18 9.782 20
-0.38 0.187 9.758 20
-0.313 0.182 9.765 20
-0.236 0.182 9.773 21
-0.169 0.182 9.761 20
-0.078 0.187 9.753 20
0.036 0.209 9.744 20
0.129 0.225 9.763 20
0.237 0.209 9.768 20
0.34 0.209 9.758 20
0.457 0.218 9.761 21
0.527 0.216 9.763 20
0.608 0.223 9.763 20
0.675 0.235 9.78 20
0.735 0.23 9.773 20
0.773 0.23 9.782 20
0.826 0.218 9.775 21
0.852 0.223 9.787 20
0.864 0.225 9.775 20
0.874 0.235 9.787 20
0.867 0.24 9.799 20
0.821 0.221 9.785 20
0.768 0.206 9.78 20
0.723 0.209 9.773 21
0.651 0.218 9.773 20
0.572 0.209 9.768 20
0.498 0.216 9.758 20
0.421 0.204 9.77 20
0.342 0.206 9.756 20
0.249 0.204 9.768 21
0.12 0.206 9.756 20
0.053 0.192 9.751 20
-0.045 0.199 9.765 20
-0.128 0.178 9.749 20
-0.21 0.194 9.765 20
-0.263 0.204 9.761 20
-0.308 0.182 9.756 21
-0.373 0.185 9.761 20
-0.411 0.189 9.787 20
-0.43 0.209 9.761 20
-0.454 0.209 9.763 20
-0.466 0.194 9.777 20
-0.485 0.221 9.773 20
-0.476 0.228 9.761 21
-0.442 0.197 9.768 20
-0.404 0.192 9.763 20
-0.334 0.199 9.78 20
-0.298 0.197 9.756 20
-0.236 0.201 9.765 20
-0.188 0.209 9.777 21
-0.121 0.199 9.758 20
-0.025 0.189 9.746 20
0.076 0.189 9.763 20
0.148 0.199 9.761 20
0.234 0.216 9.746 20
0.323 0.216 9.765 20
0.407 0.213 9.758 21
0.495 0.228 9.765 20
0.551 0.23 9.768 20
0.577 0.235 9.765 20
0.63 0.216 9.773 20
0.687 0.23 9.782 20
0.713 0.249 9.785 20
0.747 0.245 9.763 21
0.73 0.237 9.775 20
0.725 0.221 9.768 20
0.742 0.223 9.785 20
0.701 0.211 9.775 20
0.649 0.221 9.785 20
0.618 0.213 9.77 21
0.558 0.216 9.777 20
0.498 0.216 9.773 20
0.445 0.206 9.763 20
0.371 0.206 9.761 20
0.29 0.192 9.739 20
0.206 0.189 9.77 20
0.124 0.201 9.773 21
0.055 0.201 9.751 20
-0.037 0.199 9.761 20
-0.109 0.199 9.756 20
-0.174 0.201 9.768 20
-0.217 0.199 9.763 20
-0.253 0.18 9.765 20
-0.289 0.201 9.77 21
-0.327 0.211 9.758 20
-0.344 0.204 9.742 20
-0.358 0.189 9.763 20
-0.375 0.201 9.78 20
-0.37 0.211 9.782 20
-0.356 0.197 9.789 21
-0.332 0.197 9.758 20
-0.306 0.199 9.77 20
-0.267 0.175 9.751 20
-0.227 0.187 9.751 20
-0.162 0.192 9.763 20
-0.107 0.189 9.756 20
-0.047 0.192 9.761 21
0.012 0.192 9.775 20
0.096 0.201 9.765 20
0.179 0.189 9.78 20
0.232 0.199 9.765 20
0.302 0.213 9.742 20
0.364 0.211 9.77 21
0.448 0.209 9.78 20
0.5 0.218 9.77 20
0.529 0.221 9.782 20
0.565 0.223 9.782 20
0.603 0.218 9.758 20
0.627 0.218 9.753 20
0.622 0.221 9.777 21
0.625 0.228 9.777 20
0.622 0.213 9.768 20
0.632 0.218 9.775 20
0.618 0.23 9.787 20
0.584 0.213 9.761 20
0.531 0.218 9.758 21
0.474 0.201 9.77 20
0.433 0.185 9.773 20
0.402 0.199 9.761 20
0.309 0.204 9.775 20
0.237 0.194 9.777 20
0.182 0.201 9.768 20
0.115 0.201 9.746 20
0.043 0.209 9.763 21
-0.028 0.187 9.763 20
-0.1 0.185 9.765 20
-0.133 0.187 9.761 20
-0.174 0.201 9.773 20
-0.203 0.206 9.77 20
-0.236 0.194 9.763 21
-0.255 0.187 9.773 20
-0.263 0.206 9.761 20
-0.274 0.182 9.773 20
-0.289 0.175 9.782 20
-0.289 0.199 9.777 20
-0.263 0.206 9.78 20
-0.243 0.225 9.756 21
-0.229 0.201 9.761 20
-0.212 0.17 9.763 20
-0.15 0.199 9.765 20
-0.095 0.204 9.761 20
-0.054 0.199 9.761 20
-0.006 0.218 9.768 21
0.064 0.218 9.768 20
0.12 0.204 9.758 20
0.175 0.211 9.746 20
0.227 0.209 9.758 20
0.282 0.216 9.775 20
0.347 0.216 9.768 20
0.397 0.192 9.78 21
0.438 0.197 9.756 20
0.479 0.213 9.77 20
0.51 0.206 9.768 20
0.536 0.206 9.765 20
0.555 0.206 9.763 20
0.543 0.206 9.777 21
0.558 0.209 9.753 20
0.539 0.201 9.761 20
0.529 0.206 9.78 20
0.519 0.206 9.773 20
0.483 0.206 9.777 20
0.455 0.218 9.775 20
0.404 0.221 9.758 21
0.376 0.216 9.775 20
0.313 0.233 9.777 20
0.268 0.206 9.768 20
0.196 0.194 9.756 20
0.139 0.206 9.768 20
0.1 0.209 9.756 20
0.041 0.194 9.742 21
-0.014 0.209 9.77 20
-0.061 0.225 9.756 20
-0.109 0.194 9.756 20
-0.128 0.199 9.753 20
-0.145 0.199 9.763 20
-0.203 0.185 9.768 20
-0.217 0.194 9.782 21
-0.219 0.192 9.765 20
-0.227 0.204 9.763 20
-0.227 0.185 9.765 20
-0.212 0.199 9.768 20
-0.203 0.206 9.77 20
-0.186 0.199 9.77 21
-0.164 0.194 9.777 20
-0.145 0.189 9.777 20
-0.1 0.201 9.78 20
-0.049 0.204 9.763 20
0.002 0.194 9.751 20
0.033 0.187 9.768 20
0.088 0.206 9.777 21
0.148 0.211 9.765 20
0.199 0.194 9.765 20
0.239 0.209 9.775 20
0.292 0.216 9.775 20
0.342 0.211 9.773 20
0.373 0.216 9.775 21
0.402 0.213 9.761 20
0.443 0.216 9.782 20
0.457 0.213 9.782 20
0.474 0.204 9.777 20
0.483 0.209 9.753 20
0.488 0.223 9.782 20
0.488 0.209 9.756 21
0.488 0.201 9.785 20
0.467 0.213 9.761 20
0.44 0.206 9.768 20
0.426 0.201 9.768 20
0.404 0.233 9.775 20
0.342 0.225 9.763 20
0.306 0.192 9.78 21
0.268 0.206 9.777 20
0.22 0.204 9.756 20
0.172 0.218 9.756 20
0.141 0.23 9.768 20
0.081 0.218 9.77 20
0.036 0.197 9.775 21
-0.004 0.204 9.753 20
-0.025 0.223 9.761 20
-0.076 0.201 9.782 20
-0.093 0.197 9.777 20
-0.126 0.216 9.756 20
-0.145 0.194 9.768 20
-0.16 0.204 9.787 21
-0.16 0.201 9.787 20
-0.15 0.194 9.758 20
-0.16 0.199 9.763 20
-0.157 0.209 9.777 20
-0.136 0.206 9.765 20
-0.133 0.197 9.777 21
-0.085 0.209 9.789 20
-0.045 0.213 9.777 20
-0.018 0.192 9.758 20
0.019 0.204 9.768 20
0.045 0.211 9.758 20
0.088 0.211 9.761 20
0.136 0.204 9.768 21
0.167 0.221 9.763 20
0.206 0.216 9.78 20
0.242 0.216 9.78 20
0.292 0.221 9.756 20
0.33 0.206 9.763 20
0.352 0.223 9.77 20
0.388 0.211 9.773 21
0.404 0.192 9.753 20
0.407 0.211 9.756 20
0.419 0.206 9.753 20
0.433 0.201 9.792 20
0.431 0.206 9.78 20
0.416 0.199 9.789 21
0.416 0.201 9.763 20
0.412 0.213 9.777 20
0.385 0.206 9.782 20
0.359 0.211 9.775 20
0.313 0.204 9.77 20
0.287 0.209 9.758 20
0.251 0.213 9.763 21
0.191 0.221 9.765 20
0.151 0.218 9.773 20
0.139 0.194 9.77 20
0.096 0.218 9.753 20
0.062 0.201 9.763 20
0.045 0.201 9.785 21
0.007 0.211 9.761 20
-0.035 0.204 9.763 20
-0.061 0.213 9.773 20
-0.088 0.199 9.773 20
-0.095 0.189 9.785 20
-0.109 0.192 9.768 20
-0.116 0.189 9.763 21
-0.114 0.216 9.77 20
-0.116 0.209 9.77 20
-0.107 0.189 9.763 20
-0.085 0.201 9.773 20
-0.088 0.209 9.763 20
-0.059 0.199 9.77 20
-0.023 0.204 9.775 21
-0.011 0.201 9.77 20
0.024 0.209 9.765 20
0.055 0.209 9.758 20
0.086 0.213 9.773 20
0.112 0.218 9.753 20
0.146 0.225 9.765 21
0.182 0.209 9.761 20
0.215 0.209 9.756 20
0.254 0.216 9.763 20
0.287 0.213 9.763 20
0.313 0.211 9.775 20
0.333 0.211 9.782 20
0.352 0.216 9.763 21
0.369 0.211 9.768 20
0.364 0.211 9.77 20
0.366 0.211 9.77 20
0.385 0.211 9.777 20
0.388 0.213 9.78 20
0.373 0.201 9.78 20
0.364 0.204 9.773 21
0.34 0.206 9.751 20
0.323 0.211 9.775 20
0.292 0.201 9.775 20
0.275 0.223 9.768 20
0.242 0.204 9.775 20
0.203 0.194 9.763 21
0.187 0.204 9.756 20
0.153 0.206 9.773 20
0.117 0.199 9.773 20
0.091 0.192 9.77 20
0.079 0.211 9.768 20
0.057 0.206 9.775 20
0.014 0.204 9.782 21
-0.021 0.211 9.761 20
-0.04 0.204 9.765 20
-0.049 0.194 9.78 20
-0.064 0.204 9.763 20
-0.057 0.204 9.775 20
-0.076 0.194 9.773 21
-0.064 0.206 9.785 20
-0.059 0.211 9.758 20
-0.045 0.199 9.768 20
-0.052 0.204 9.765 20
-0.025 0.201 9.77 20
0.009 0.213 9.763 20
0.024 0.199 9.768 21
0.038 0.204 9.773 20
0.067 0.187 9.763 20
0.088 0.197 9.77 20
0.124 0.204 9.77 20
0.158 0.211 9.761 20
0.189 0.216 9.765 21
0.206 0.199 9.763 20
0.234 0.199 9.777 20
0.251 0.209 9.765 20
0.261 0.213 9.756 20
0.292 0.206 9.768 20
0.318 0.199 9.756 20
0.311 0.218 9.753 21
0.342 0.23 9.78 20
0.33 0.209 9.777 20
0.337 0.206 9.756 20
0.335 0.218 9.763 20
0.34 0.228 9.77 20
0.323 0.225 9.765 20
0.302 0.211 9.761 21
0.304 0.221 9.761 20
0.302 0.209 9.761 20
0.239 0.211 9.758 20
0.206 0.225 9.765 20
0.191 0.221 9.77 20
0.172 0.209 9.78 21
0.143 0.194 9.775 20
0.134 0.206 9.787 20
0.105 0.211 9.765 20
0.081 0.218 9.775 20
0.055 0.213 9.765 20
0.029 0.197 9.775 20
0.007 0.199 9.77 21
0.0 0.185 9.758 20
-0.023 0.209 9.777 20
-0.037 0.204 9.768 20
-0.025 0.201 9.78 20
-0.04 0.192 9.761 20
-0.049 0.192 9.773 21
-0.03 0.206 9.765 20
-0.018 0.213 9.765 20
0.0 0.197 9.761 20
0.014 0.194 9.758 20
0.024 0.211 9.756 20
0.045 0.197 9.765 20
0.062 0.199 9.758 21
0.086 0.216 9.763 20
0.096 0.206 9.773 20
0.115 0.211 9.751 20
0.134 0.209 9.761 20
0.172 0.206 9.751 20
0.191 0.209 9.773 21
0.208 0.218 9.768 20
0.223 0.209 9.758 20
0.251 0.199 9.763 20
0.266 0.209 9.768 20
0.287 0.221 9.77 20
0.306 0.206 9.768 20
0.285 0.201 9.758 21
0.29 0.197 9.777 20
0.316 0.192 9.756 20
0.297 0.192 9.768 20
0.278 0.206 9.773 20
0.268 0.209 9.782 20
0.268 0.199 9.789 21
0.246 0.206 9.773 20
0.239 0.216 9.749 20
0.22 0.211 9.763 20
0.208 0.206 9.758 20
0.182 0.209 9.758 20
0.155 0.187 9.782 20
0.151 0.209 9.773 21
0.11 0.225 9.777 20
0.11 0.213 9.768 20
0.096 0.187 9.763 20
0.074 0.199 9.782 20
0.05 0.216 9.768 20
0.043 0.216 9.768 21
0.043 0.206 9.773 20
0.026 0.204 9.765 20
0.017 0.199 9.77 20
0.0 0.199 9.785 20
0.012 0.225 9.765 20
0.009 0.211 9.761 20
0.007 0.216 9.756 21
0.036 0.209 9.758 20
0.024 0.201 9.768 20
0.038 0.211 9.777 20
0.062 0.201 9.773 20
0.079 0.185 9.768 20
0.081 0.192 9.773 20
0.098 0.209 9.78 21
0.124 0.197 9.78 20
0.134 0.197 9.773 20
0.16 0.197 9.78 20
0.182 0.197 9.758 20
0.196 0.204 9.765 20
0.206 0.209 9.768 21
0.232 0.204 9.765 20
0.246 0.228 9.78 20
0.246 0.213 9.761 20
0.244 0.216 9.768 20
0.268 0.213 9.782 20
0.273 0.189 9.761 20
0.28 0.206 9.744 21
0.285 0.206 9.77 20
0.275 0.197 9.782 20
0.256 0.216 9.77 20
0.249 0.218 9.763 20
0.244 0.199 9.775 20
0.218 0.216 9.777 21
0.208 0.221 9.763 20
0.196 0.206 9.758 20
0.177 0.206 9.756 20
0.165 0.206 9.758 20
0.172 0.206 9.777 20
0.146 0.194 9.773 20
0.115 0.213 9.77 21
0.115 0.201 9.78 20
0.091 0.178 9.765 20
0.088 0.194 9.773 20
0.091 0.199 9.775 20
0.072 0.211 9.756 20
0.043 0.204 9.761 21
0.048 0.199 9.756 20
0.041 0.201 9.746 20
0.033 0.187 9.758 20
0.036 0.187 9.756 20
0.033 0.197 9.749 20
0.038 0.197 9.763 20
0.05 0.221 9.765 21
0.064 0.209 9.765 20
0.057 0.192 9.77 20
0.081 0.201 9.763 20
0.096 0.206 9.768 20
0.088 0.223 9.775 20
0.12 0.211 9.768 20
0.151 0.225 9.756 21
0.163 0.211 9.763 20
0.155 0.194 9.768 20
0.163 0.213 9.761 20
0.179 0.216 9.782 20
0.189 0.201 9.78 20
0.211 0.213 9.77 20
0.22 0.201 9.792 21
0.223 0.194 9.773 20
0.237 0.194 9.765 20
0.237 0.199 9.782 20
0.234 0.204 9.763 20
0.246 0.201 9.768 20
0.254 0.199 9.761 21
0.239 0.204 9.768 20
0.23 0.194 9.777 20
0.215 0.199 9.775 20
0.213 0.194 9.758 20
0.201 0.194 9.777 20
0.201 0.199 9.765 20
0.187 0.201 9.744 21
0.165 0.209 9.782 20
0.158 0.206 9.777 20
0.141 0.213 9.763 20
0.141 0.218 9.77 20
0.129 0.209 9.775 20
0.117 0.225 9.773 21
0.108 0.204 9.773 20
0.084 0.194 9.763 20
0.072 0.201 9.756 20
0.074 0.211 9.761 20
0.069 0.228 9.742 20
0.069 0.197 9.742 20
0.057 0.201 9.775 21
0.048 0.201 9.775 20
0.06 0.194 9.765 20
0.057 0.213 9.773 20
0.06 0.197 9.78 20
0.057 0.185 9.761 20
0.081 0.204 9.753 20
0.072 0.204 9.773 21
0.086 0.211 9.775 20
0.112 0.204 9.763 20
0.112 0.194 9.78 20
0.146 0.228 9.773 20
0.158 0.225 9.775 20
0.179 0.206 9.773 21
0.211 0.199 9.775 20
0.223 0.178 9.78 20
0.206 0.144 9.765 20
0.187 0.201 9.758 20
0.199 0.194 9.775 20
0.165 0.237 9.775 20
0.151 0.249 9.758 21
0.179 0.225 9.768 20
0.213 0.218 9.768 20
0.199 0.228 9.746 20
0.194 0.197 9.768 20
0.199 0.204 9.77 20
0.179 0.257 9.761 21
0.167 0.23 9.768 20
0.146 0.221 9.768 20
0.16 0.225 9.775 20
0.184 0.182 9.773 20
0.177 0.197 9.758 20
0.153 0.225 9.765 20
0.139 0.204 9.768 21
0.12 0.199 9.773 20
0.11 0.221 9.777 20
0.11 0.192 9.782 20
0.11 0.161 9.777 20
0.122 0.166 9.787 20
0.124 0.173 9.763 20
0.108 0.178 9.753 21
0.093 0.189 9.737 20
0.098 0.201 9.768 20
0.093 0.206 9.763 20
0.1 0.204 9.761 20
0.096 0.189 9.753 20
0.112 0.233 9.763 20
0.12 0.225 9.773 21
0.1 0.201 9.768 20
0.084 0.245 9.765 20
0.105 0.233 9.753 20
0.117 0.206 9.761 20
0.117 0.23 9.777 20
0.105 0.24 9.763 21
0.117 0.218 9.765 20
0.129 0.221 9.782 20
0.175 0.283 9.756 20
0.155 0.163 9.761 20
0.096 0.235 9.775 20
0.184 0.249 9.765 20
0.191 0.182 9.763 21
0.096 0.228 9.773 20
0.172 0.151 9.775 20
0.208 0.156 9.763 20
0.141 0.216 9.777 20
0.184 0.137 9.775 20
0.172 0.173 9.763 21

# Completed @Mon Jul 31 19:42:55 GMT+08:00 2017
