-0.047 0.345 9.77 0
-0.018 0.333 9.753 20
0.009 0.336 9.775 20
0.002 0.336 9.758 20
0.029 0.307 9.749 20
0.041 0.302 9.763 20
0.036 0.316 9.765 20
0.062 0.304 9.768 21
0.088 0.297 9.751 20
0.072 0.333 9.763 20
0.072 0.333 9.782 20
0.091 0.321 9.765 20
0.105 0.326 9.768 20
0.134 0.321 9.753 20
0.124 0.338 9.777 21
0.108 0.355 9.768 20
0.12 0.338 9.77 20
0.148 0.343 9.77 20
0.132 0.352 9.765 20
0.132 0.352 9.753 20
0.136 0.35 9.77 20
0.136 0.355 9.768 21
0.134 0.34 9.763 20
0.127 0.35 9.765 20
0.115 0.348 9.775 20
0.11 0.324 9.758 20
0.115 0.333 9.773 20
0.086 0.336 9.775 21
0.096 0.316 9.785 20
0.093 0.319 9.758 20
0.072 0.345 9.768 20
0.084 0.319 9.768 20
0.091 0.321 9.758 20
0.069 0.316 9.751 20
0.05 0.314 9.768 21
0.06 0.304 9.744 20
0.053 0.321 9.761 20
0.048 0.316 9.753 20
0.05 0.316 9.768 20
0.043 0.312 9.761 20
0.055 0.343 9.768 20
0.06 0.333 9.758 21
0.05 0.333 9.756 20
0.055 0.343 9.761 20
0.053 0.333 9.758 20
0.06 0.348 9.758 20
0.048 0.338 9.756 20
0.043 0.35 9.773 20
0.057 0.348 9.768 21
0.055 0.336 9.77 20
0.062 0.34 9.775 20
0.057 0.345 9.751 20
0.062 0.326 9.753 20
0.06 0.336 9.765 20
0.06 0.326 9.761 21
0.06 0.326 9.768 20
0.064 0.343 9.775 20
0.067 0.331 9.761 20
0.076 0.319 9.773 20
0.088 0.326 9.753 20
0.074 0.328 9.77 20
0.084 0.319 9.761 21
0.088 0.316 9.765 20
0.096 0.324 9.775 20
0.091 0.324 9.753 20
0.081 0.314 9.753 20
0.079 0.324 9.763 20
0.096 0.324 9.768 20
0.108 0.328 9.761 21
0.108 0.331 9.768 20
0.096 0.328 9.768 20
0.103 0.324 9.763 20
0.105 0.333 9.77 20
0.105 0.345 9.765 20
0.103 0.343 9.775 20
0.098 0.343 9.782 21
0.098 0.331 9.789 20
0.096 0.333 9.765 20
0.086 0.333 9.765 20
0.081 0.333 9.756 20
0.086 0.336 9.768 20
0.072 0.336 9.763 20
0.074 0.336 9.768 21
0.069 0.343 9.753 20
0.06 0.35 9.773 20
0.172 0.405 9.806 20
0.371 0.304 9.684 20
0.273 -0.008 9.751 20
-0.021 0.07 9.677 21
0.064 0.427 9.809 20
-0.064 0.841 9.631 20
-0.049 0.271 9.73 20
-0.464 0.383 9.6 20
-0.677 0.999 9.583 20
-0.643 0.343 9.598 20
-1.053 0.216 9.662 21
-1.646 1.106 9.162 20
-2.068 0.755 9.955 20
-2.405 -0.099 9.222 20
-2.547 0.661 9.667 20
-3.033 1.135 10.026 20
-3.811 0.503 9.548 20
-3.756 0.118 10.517 21
-3.25 0.956 9.971 20
-4.218 0.223 10.371 20
-3.892 -0.293 9.998 20
-3.183 0.333 11.003 20
-3.253 0.515 9.84 20
-2.752 -0.214 9.971 21
-1.472 -0.401 9.502 20
-3.715 1.365 10.18 20
-2.64 0.022 9.033 20
1.333 -0.559 8.176 20
2.921 0.415 8.978 20
4.953 0.348 9.208 20
0.4 0.506 9.543 21
0.534 0.07 8.58 20
4.439 0.075 9.701 20
8.466 -0.159 10.493 20
5.641 0.178 10.283 20
3.282 -0.099 9.586 20
4.183 -0.049 9.742 20
6.275 0.371 10.747 21
6.862 -0.018 11.106 20
5.08 -0.231 10.409 20
3.208 0.733 9.672 20
3.486 0.549 9.964 20
5.36 -0.195 10.759 20
5.265 0.338 10.635 21
3.546 0.427 9.782 20
2.717 -0.001 9.514 20
3.321 0.407 9.844 20
4.101 0.51 10.093 20
3.038 0.144 9.701 20
1.144 0.288 9.157 20
0.541 0.532 9.248 21
1.003 0.29 9.356 20
0.816 0.302 9.33 20
-0.504 0.374 9.212 20
-2.166 0.237 9.26 20
-3.157 0.271 9.5 20
-2.741 0.577 9.572 20
-1.998 0.822 9.619 21
-2.322 0.685 9.595 20
-3.195 0.606 9.806 20
-3.193 0.664 9.904 20
-2.214 0.525 9.926 20
-1.63 0.46 9.813 20
-1.84 0.331 9.694 20
-2.638 -0.042 9.77 21
-3.358 -0.171 10.096 20
-3.205 0.168 10.098 20
-3.181 0.427 10.055 20
-3.392 0.204 9.926 20
-3.947 0.297 9.871 20
-4.069 0.446 9.95 21
-3.538 0.24 9.964 20
-3.131 0.216 9.921 20
-2.527 0.139 9.761 20
-1.893 0.005 9.581 20
-1.405 0.094 9.557 20
-0.552 0.173 9.545 20
0.146 0.23 9.548 21
0.407 0.285 9.526 20
0.807 0.374 9.572 20
1.113 0.529 9.545 20
1.02 0.58 9.61 20
0.529 0.613 9.615 20
0.227 0.676 9.603 20
0.002 0.683 9.454 21
0.254 0.537 9.694 20
0.639 0.448 9.651 20
0.895 0.47 9.653 20
1.367 0.331 9.706 20
2.066 0.348 9.773 20
2.83 0.345 9.916 21
3.256 0.223 9.988 20
3.371 0.245 10.017 20
3.409 0.259 9.995 20
3.675 0.266 10.048 20
3.859 0.182 10.12 20
3.447 0.228 10.072 20
2.827 0.264 9.986 21
2.337 0.206 9.892 20
2.059 0.173 9.828 20
1.901 0.06 9.876 20
1.254 0.213 9.715 20
0.354 0.726 9.713 20
0.275 0.79 9.739 20
0.704 0.577 9.72 21
1.183 0.503 9.813 20
1.489 0.099 9.801 20
1.436 0.063 9.674 20
1.202 0.12 9.667 20
1.197 0.053 9.6 20
0.955 0.043 9.588 20
0.122 0.257 9.574 21
-0.607 0.292 9.595 20
-0.942 0.264 9.667 20
-1.395 0.436 9.66 20
-1.706 0.343 9.67 20
-1.874 0.213 9.715 20
-2.401 0.362 9.797 21
-2.805 0.489 9.864 20
-2.772 0.522 9.837 20
-2.678 0.52 9.818 20
-2.515 0.326 9.813 20
-2.293 0.194 9.864 20
-2.379 0.35 9.943 20
-2.231 0.422 9.923 21
-2.053 0.4 9.849 20
-2.118 0.295 9.844 20
-2.324 0.23 9.837 20
-2.702 0.276 9.866 20
-2.712 0.257 9.84 20
-2.513 0.151 9.765 20
-2.298 0.134 9.648 21
-2.243 0.161 9.662 20
-1.994 0.18 9.629 20
-1.541 0.266 9.512 20
-0.911 0.345 9.519 20
-0.337 0.333 9.481 20
0.024 0.388 9.478 21
0.376 0.443 9.5 20
0.766 0.388 9.533 20
1.412 0.388 9.572 20
1.989 0.359 9.667 20
2.274 0.273 9.713 20
2.334 0.168 9.773 20
2.492 0.288 9.816 21
2.981 0.395 9.907 20
3.51 0.455 10.034 20
3.728 0.532 10.163 20
3.711 0.383 10.048 20
3.725 0.448 10.017 20
3.95 0.506 10.182 20
4.142 0.415 10.165 21
3.9 0.386 10.058 20
3.495 0.355 9.979 20
3.254 0.257 9.923 20
3.007 0.357 9.854 20
2.703 0.391 9.744 20
2.164 0.245 9.651 20
1.575 0.182 9.55 21
1.08 0.254 9.528 20
0.697 0.297 9.466 20
0.194 0.309 9.454 20
-0.432 0.29 9.471 20
-1.067 0.273 9.481 20
-1.563 0.319 9.55 21
-1.768 0.467 9.581 20
-2.015 0.458 9.612 20
-2.539 0.304 9.677 20
-3.064 0.237 9.794 20
-3.301 0.345 9.866 20
-3.334 0.474 9.859 20
-3.334 0.434 9.866 21
-3.385 0.264 9.911 20
-3.564 0.192 9.976 20
-3.593 0.201 9.976 20
-3.171 0.242 9.928 20
-2.841 0.225 9.842 20
-2.755 0.108 9.83 20
-2.544 0.034 9.83 21
-2.111 0.099 9.818 20
-1.634 0.209 9.694 20
-1.187 0.178 9.631 20
-0.935 0.247 9.617 20
-0.772 0.364 9.619 20
-0.444 0.388 9.595 20
0.103 0.446 9.581 21
0.558 0.506 9.595 20
0.804 0.503 9.591 20
1.044 0.491 9.624 20
1.295 0.541 9.665 20
1.762 0.532 9.691 20
2.253 0.486 9.73 21
2.432 0.479 9.837 20
2.277 0.446 9.797 20
2.222 0.35 9.852 20
2.327 0.29 9.883 20
2.487 0.312 9.88 20
2.396 0.201 9.945 20
2.2 0.11 9.89 21
1.968 0.166 9.871 20
1.915 0.201 9.926 20
1.834 0.302 9.828 20
1.798 0.364 9.892 20
1.558 0.328 9.821 20
1.355 0.319 9.804 20
1.264 0.333 9.77 21
1.166 0.391 9.761 20
0.938 0.297 9.742 20
0.67 0.17 9.718 20
0.306 0.254 9.706 20
0.019 0.23 9.701 20
-0.217 0.283 9.667 20
-0.49 0.479 9.696 21
-0.631 0.376 9.698 20
-0.686 0.266 9.694 20
-0.66 0.352 9.73 20
-0.535 0.259 9.679 20
-0.49 0.247 9.758 20
-0.523 0.326 9.775 21
-0.538 0.295 9.763 20
-0.523 0.29 9.818 20
-0.607 0.364 9.746 20
-0.705 0.333 9.744 20
-0.808 0.295 9.77 20
-1.007 0.352 9.775 20
-1.175 0.374 9.792 21
-1.077 0.362 9.775 20
-1.179 0.403 9.789 20
-1.266 0.436 9.78 20
-1.177 0.367 9.797 20
-1.036 0.364 9.799 20
-0.907 0.34 9.785 20
-0.739 0.249 9.756 21
-0.689 0.209 9.765 20
-0.655 0.218 9.782 20
-0.574 0.218 9.765 20
-0.619 0.266 9.739 20
-0.737 0.316 9.737 20
-0.823 0.355 9.732 21
-0.921 0.331 9.715 20
-0.842 0.374 9.696 20
-0.681 0.403 9.749 20
-0.54 0.362 9.763 20
-0.368 0.376 9.689 20
-0.126 0.381 9.703 20
0.177 0.35 9.696 21
0.493 0.319 9.739 20
0.747 0.326 9.725 20
0.948 0.268 9.739 20
1.139 0.221 9.765 20
1.295 0.268 9.785 20
1.427 0.257 9.813 20
1.506 0.261 9.804 21
1.578 0.338 9.823 20
1.676 0.352 9.847 20
1.776 0.393 9.856 20
1.93 0.443 9.902 20
2.102 0.403 9.885 20
2.133 0.376 9.902 21
2.104 0.412 9.873 20
2.112 0.415 9.859 20
2.047 0.355 9.84 20
1.848 0.316 9.763 20
1.628 0.3 9.794 20
1.384 0.261 9.753 20
1.154 0.292 9.72 21
0.869 0.28 9.66 20
0.553 0.237 9.646 20
0.167 0.264 9.655 20
-0.191 0.292 9.679 20
-0.44 0.28 9.665 20
-0.693 0.336 9.674 20
-0.919 0.422 9.689 21
-1.175 0.422 9.694 20
-1.503 0.403 9.73 20
-1.795 0.427 9.763 20
-1.926 0.419 9.785 20
-2.01 0.412 9.794 20
-2.168 0.405 9.821 21
-2.3 0.35 9.832 20
-2.336 0.28 9.844 20
-2.353 0.278 9.844 20
-2.231 0.283 9.828 20
-2.051 0.235 9.816 20
-1.977 0.201 9.785 20
-1.85 0.194 9.73 21
-1.563 0.175 9.734 20
-1.273 0.189 9.727 20
-1.014 0.225 9.698 20
-0.725 0.24 9.667 20
-0.449 0.288 9.655 20
-0.16 0.338 9.651 20
0.199 0.336 9.636 21
0.56 0.352 9.67 20
0.828 0.391 9.689 20
1.106 0.393 9.706 20
1.41 0.407 9.756 20
1.654 0.427 9.753 20
1.839 0.386 9.785 20
1.992 0.374 9.821 21
2.102 0.412 9.859 20
2.181 0.381 9.849 20
2.2 0.357 9.868 20
2.195 0.391 9.892 20
2.121 0.348 9.878 20
1.956 0.371 9.856 21
1.772 0.412 9.873 20
1.609 0.374 9.832 20
1.36 0.359 9.797 20
1.154 0.379 9.797 20
0.938 0.34 9.749 20
0.718 0.338 9.758 20
0.522 0.288 9.734 21
0.337 0.259 9.698 20
0.072 0.276 9.71 20
-0.193 0.283 9.708 20
-0.358 0.252 9.713 20
-0.538 0.235 9.72 20
-0.701 0.225 9.715 21
-0.816 0.247 9.744 20
-0.926 0.3 9.732 20
-1.012 0.324 9.722 20
-1.043 0.309 9.77 20
-0.983 0.324 9.751 20
-0.947 0.328 9.773 20
-0.93 0.276 9.768 21
-0.83 0.247 9.797 20
-0.744 0.261 9.761 20
-0.715 0.304 9.777 20
-0.679 0.307 9.78 20
-0.636 0.328 9.763 20
-0.619 0.352 9.756 20
-0.579 0.35 9.756 21
-0.514 0.34 9.763 20
-0.452 0.359 9.753 20
-0.373 0.312 9.751 20
-0.274 0.309 9.742 20
-0.217 0.343 9.739 20
-0.104 0.326 9.725 20
-0.006 0.331 9.78 21
0.014 0.355 9.765 20
0.041 0.362 9.758 20
0.091 0.362 9.732 20
0.064 0.4 9.777 20
0.024 0.412 9.746 20
0.005 0.374 9.727 21
-0.009 0.376 9.773 20
-0.025 0.393 9.73 20
0.048 0.34 9.746 20
0.122 0.324 9.751 20
0.17 0.312 9.739 20
0.299 0.273 9.761 20
0.404 0.252 9.744 21
0.469 0.264 9.753 20
0.562 0.216 9.763 20
0.63 0.223 9.77 20
0.663 0.261 9.77 20
0.725 0.259 9.782 20
0.747 0.3 9.78 20
0.78 0.316 9.787 21
0.862 0.292 9.823 20
0.883 0.336 9.806 20
0.953 0.343 9.761 20
1.003 0.357 9.78 20
1.039 0.393 9.811 20
1.049 0.379 9.773 21
1.032 0.386 9.777 20
0.977 0.362 9.761 20
0.902 0.343 9.739 20
0.823 0.336 9.765 20
0.685 0.316 9.758 20
0.51 0.316 9.749 20
0.34 0.319 9.763 21
0.191 0.336 9.725 20
0.0 0.326 9.739 20
-0.181 0.331 9.72 20
-0.356 0.333 9.718 20
-0.552 0.371 9.715 20
-0.672 0.357 9.749 20
-0.77 0.333 9.763 21
-0.923 0.362 9.756 20
-1.06 0.383 9.763 20
-1.187 0.417 9.768 20
-1.299 0.381 9.782 20
-1.33 0.333 9.78 20
-1.385 0.302 9.775 20
-1.438 0.331 9.782 21
-1.402 0.312 9.789 20
-1.323 0.257 9.77 20
-1.208 0.237 9.761 20
-1.079 0.213 9.756 20
-0.93 0.209 9.749 20
-0.784 0.249 9.742 21
-0.629 0.252 9.718 20
-0.432 0.216 9.703 20
-0.258 0.249 9.71 20
-0.03 0.29 9.713 20
0.201 0.278 9.722 20
0.433 0.283 9.73 20
0.675 0.276 9.727 21
0.89 0.309 9.751 20
1.072 0.328 9.785 20
1.264 0.376 9.801 20
1.41 0.369 9.801 20
1.52 0.367 9.801 20
1.602 0.395 9.83 21
1.661 0.395 9.837 20
1.664 0.403 9.849 20
1.633 0.412 9.83 20
1.575 0.405 9.83 20
1.465 0.431 9.811 20
1.321 0.45 9.809 20
1.166 0.422 9.789 21
0.996 0.419 9.773 20
0.807 0.405 9.773 20
0.632 0.371 9.763 20
0.436 0.348 9.727 20
0.213 0.331 9.715 20
0.007 0.297 9.703 20
-0.184 0.261 9.73 21
-0.346 0.252 9.73 20
-0.492 0.24 9.725 20
-0.629 0.228 9.725 20
-0.758 0.223 9.73 20
-0.851 0.223 9.742 20
-0.907 0.218 9.765 20
-0.976 0.254 9.763 21
-1.012 0.268 9.777 20
-1.014 0.268 9.794 20
-0.964 0.29 9.777 20
-0.88 0.28 9.78 20
-0.782 0.271 9.785 20
-0.732 0.295 9.78 21
-0.696 0.309 9.77 20
-0.579 0.309 9.758 20
-0.461 0.321 9.753 20
-0.382 0.324 9.737 20
-0.294 0.312 9.756 20
-0.222 0.371 9.761 20
-0.116 0.379 9.756 21
0.014 0.357 9.739 20
0.117 0.393 9.727 20
0.17 0.412 9.756 20
0.268 0.417 9.749 20
0.361 0.417 9.739 20
0.421 0.427 9.78 20
0.438 0.41 9.77 21
0.455 0.383 9.763 20
0.448 0.398 9.744 20
0.464 0.364 9.768 20
0.45 0.352 9.77 20
0.416 0.331 9.751 20
0.412 0.336 9.753 20
0.342 0.266 9.744 21
0.397 0.218 9.763 20
0.433 0.23 9.758 20
0.376 0.209 9.765 20
0.337 0.182 9.756 20
0.371 0.223 9.761 20
0.412 0.245 9.773 21
0.388 0.206 9.777 20
0.352 0.213 9.775 20
0.347 0.254 9.77 20
0.371 0.264 9.758 20
0.361 0.3 9.753 20
0.369 0.333 9.78 20
0.378 0.316 9.765 20
0.378 0.352 9.749 21
0.419 0.374 9.751 20
0.455 0.355 9.789 20
0.433 0.338 9.753 20
0.388 0.355 9.753 20
0.385 0.362 9.761 20
0.323 0.345 9.746 21
0.268 0.345 9.744 20
0.223 0.364 9.768 20
0.132 0.362 9.768 20
0.055 0.362 9.763 20
-0.018 0.357 9.727 20
-0.119 0.355 9.756 20
-0.212 0.369 9.763 21
-0.265 0.371 9.739 20
-0.363 0.371 9.756 20
-0.473 0.355 9.77 20
-0.533 0.359 9.753 20
-0.6 0.348 9.756 20
-0.658 0.331 9.763 20
-0.693 0.316 9.78 21
-0.722 0.304 9.777 20
-0.765 0.29 9.749 20
-0.761 0.266 9.77 20
-0.729 0.254 9.768 20
-0.71 0.235 9.756 20
-0.66 0.233 9.758 21
-0.6 0.261 9.758 20
-0.521 0.259 9.739 20
-0.416 0.249 9.737 20
-0.294 0.261 9.749 20
-0.2 0.28 9.761 20
-0.054 0.28 9.753 20
0.108 0.316 9.718 21
0.234 0.357 9.739 20
0.4 0.331 9.78 20
0.553 0.302 9.765 20
0.732 0.352 9.77 20
0.831 0.362 9.753 20
0.888 0.324 9.777 20
0.996 0.336 9.794 21
1.101 0.369 9.797 20
1.149 0.343 9.799 20
1.151 0.383 9.806 20
1.156 0.412 9.797 20
1.132 0.391 9.797 20
1.077 0.395 9.799 20
1.001 0.407 9.775 21
0.898 0.4 9.787 20
0.771 0.34 9.782 20
0.653 0.326 9.773 20
0.56 0.312 9.765 20
0.426 0.307 9.746 20
0.22 0.288 9.744 21
0.062 0.261 9.739 20
-0.069 0.28 9.756 20
-0.217 0.259 9.756 20
-0.337 0.257 9.727 20
-0.48 0.273 9.753 20
-0.595 0.273 9.746 20
-0.67 0.264 9.73 21
-0.705 0.276 9.753 20
-0.789 0.297 9.753 20
-0.811 0.307 9.753 20
-0.816 0.314 9.746 20
-0.811 0.326 9.753 20
-0.787 0.314 9.768 20
-0.737 0.302 9.78 21
-0.679 0.333 9.77 20
-0.612 0.331 9.753 20
-0.526 0.321 9.749 20
-0.43 0.336 9.746 20
-0.334 0.348 9.753 20
-0.234 0.343 9.744 20
-0.124 0.364 9.732 21
-0.03 0.371 9.756 20
0.079 0.379 9.758 20
0.153 0.374 9.749 20
0.261 0.369 9.751 20
0.366 0.348 9.773 20
0.402 0.345 9.761 21
0.479 0.345 9.768 20
0.543 0.316 9.765 20
0.579 0.336 9.768 20
0.608 0.34 9.775 20
0.589 0.307 9.787 20
0.596 0.309 9.775 20
0.57 0.324 9.768 21
0.56 0.297 9.763 20
0.507 0.304 9.78 20
0.472 0.297 9.78 20
0.424 0.304 9.782 20
0.373 0.285 9.768 20
0.333 0.268 9.758 20
0.306 0.28 9.763 21
0.242 0.29 9.765 20
0.184 0.302 9.77 20
0.16 0.307 9.749 20
0.141 0.316 9.756 20
0.124 0.288 9.756 20
0.084 0.316 9.761 20
0.041 0.314 9.77 21
0.045 0.328 9.761 20
0.045 0.348 9.763 20
0.036 0.369 9.763 20
0.053 0.376 9.744 20
0.024 0.386 9.753 20
0.048 0.398 9.782 21
0.055 0.379 9.763 20
0.043 0.345 9.763 20
0.031 0.374 9.765 20
0.026 0.345 9.775 20
-0.004 0.328 9.749 20
-0.03 0.319 9.744 20
-0.054 0.309 9.756 21
-0.085 0.3 9.753 20
-0.143 0.29 9.756 20
-0.172 0.28 9.763 20
-0.193 0.266 9.773 20
-0.217 0.273 9.761 20
-0.246 0.295 9.763 20
-0.277 0.302 9.751 21
-0.303 0.314 9.765 20
-0.322 0.324 9.746 20
-0.33 0.316 9.758 20
-0.346 0.331 9.775 20
-0.365 0.316 9.765 20
-0.346 0.336 9.763 20
-0.327 0.324 9.763 21
-0.313 0.333 9.758 20
-0.272 0.34 9.753 20
-0.234 0.338 9.756 20
-0.181 0.348 9.753 20
-0.112 0.34 9.742 20
-0.057 0.324 9.744 21
0.041 0.312 9.756 20
0.12 0.307 9.761 20
0.227 0.297 9.775 20
0.311 0.271 9.761 20
0.395 0.285 9.756 20
0.488 0.302 9.753 20
0.546 0.319 9.785 21
0.613 0.326 9.77 20
0.687 0.338 9.77 20
0.74 0.352 9.777 20
0.756 0.343 9.77 20
0.78 0.35 9.761 20
0.783 0.359 9.777 20
0.752 0.362 9.806 21
0.697 0.35 9.794 20
0.627 0.328 9.78 20
0.579 0.307 9.761 20
0.527 0.324 9.785 20
0.438 0.321 9.768 20
0.337 0.302 9.787 20
0.206 0.304 9.722 21
0.124 0.285 9.732 20
0.021 0.278 9.751 20
-0.102 0.309 9.753 20
-0.212 0.29 9.744 20
-0.313 0.285 9.765 20
-0.358 0.321 9.775 21
-0.43 0.295 9.713 20
-0.507 0.24 9.749 20
-0.557 0.316 9.77 20
-0.595 0.367 9.746 20
-0.61 0.295 9.744 20
-0.636 0.331 9.773 20
-0.607 0.405 9.77 21
-0.576 0.343 9.765 20
-0.569 0.316 9.768 20
-0.512 0.381 9.77 20
-0.43 0.359 9.763 20
-0.363 0.352 9.746 20
-0.289 0.386 9.761 20
-0.224 0.379 9.765 21
-0.162 0.326 9.753 20
-0.049 0.352 9.746 20
0.064 0.364 9.746 20
0.127 0.324 9.756 20
0.189 0.333 9.768 20
0.321 0.348 9.751 20
0.393 0.316 9.77 21
0.431 0.304 9.765 20
0.488 0.34 9.782 20
0.512 0.312 9.775 20
0.543 0.288 9.777 20
0.591 0.302 9.782 20
0.601 0.3 9.785 20
0.577 0.288 9.763 21
0.539 0.3 9.768 20
0.541 0.307 9.753 20
0.481 0.3 9.785 20
0.433 0.307 9.789 20
0.388 0.328 9.787 20
0.335 0.316 9.775 21
0.27 0.309 9.756 20
0.234 0.326 9.758 20
0.179 0.324 9.777 20
0.103 0.309 9.77 20
0.069 0.312 9.773 20
0.026 0.324 9.761 20
-0.018 0.321 9.756 21
-0.057 0.343 9.756 20
-0.071 0.357 9.765 20
-0.109 0.369 9.768 20
-0.126 0.367 9.751 20
-0.131 0.391 9.78 20
-0.124 0.376 9.763 20
-0.133 0.34 9.758 21
-0.121 0.348 9.789 20
-0.124 0.348 9.758 20
-0.121 0.333 9.77 20
-0.121 0.328 9.761 20
-0.116 0.338 9.777 20
-0.109 0.326 9.77 20
-0.104 0.319 9.756 21
-0.102 0.312 9.761 20
-0.093 0.297 9.775 20
-0.102 0.276 9.763 20
-0.095 0.295 9.761 20
-0.081 0.288 9.775 20
-0.093 0.28 9.751 21
-0.085 0.297 9.765 20
-0.095 0.307 9.749 20
-0.083 0.316 9.761 20
-0.097 0.336 9.777 20
-0.104 0.345 9.763 20
-0.093 0.343 9.753 20
-0.109 0.348 9.758 21
-0.085 0.364 9.763 20
-0.064 0.355 9.756 20
-0.061 0.348 9.749 20
-0.042 0.362 9.756 20
-0.002 0.343 9.758 20
0.029 0.357 9.773 20
0.045 0.357 9.768 21
0.081 0.336 9.77 20
0.105 0.328 9.761 20
0.167 0.343 9.758 20
0.213 0.35 9.756 20
0.258 0.331 9.77 20
0.316 0.331 9.782 20
0.349 0.338 9.775 21
0.383 0.333 9.78 20
0.416 0.333 9.768 20
0.443 0.319 9.765 20
0.45 0.321 9.782 20
0.46 0.321 9.765 20
0.455 0.319 9.765 21
0.452 0.324 9.763 20
0.438 0.314 9.768 20
0.404 0.314 9.768 20
0.361 0.314 9.77 20
0.316 0.309 9.746 20
0.278 0.319 9.768 20
0.218 0.307 9.758 21
0.148 0.321 9.77 20
0.079 0.352 9.761 20
0.024 0.336 9.744 20
-0.061 0.326 9.756 20
-0.138 0.345 9.78 20
-0.193 0.331 9.749 21
-0.243 0.326 9.749 20
-0.267 0.333 9.756 20
-0.303 0.35 9.761 20
-0.327 0.326 9.758 20
-0.375 0.336 9.761 20
-0.392 0.348 9.775 20
-0.394 0.328 9.758 21
-0.404 0.326 9.77 20
-0.377 0.345 9.777 20
-0.368 0.333 9.768 20
-0.325 0.321 9.758 20
-0.289 0.34 9.749 20
-0.248 0.34 9.756 20
-0.198 0.333 9.749 21
-0.152 0.34 9.761 20
-0.09 0.34 9.761 20
-0.023 0.326 9.753 20
0.05 0.333 9.753 20
0.122 0.343 9.761 20
0.191 0.336 9.753 20
0.227 0.328 9.746 21
0.311 0.331 9.758 20
0.371 0.328 9.77 20
0.39 0.321 9.775 20
0.433 0.333 9.777 20
0.464 0.331 9.77 20
0.483 0.331 9.768 20
0.495 0.338 9.777 21
0.479 0.328 9.773 20
0.469 0.331 9.777 20
0.448 0.345 9.773 20
0.416 0.336 9.768 20
0.39 0.355 9.768 20
0.328 0.343 9.758 21
0.263 0.34 9.768 20
0.225 0.336 9.753 20
0.179 0.331 9.761 20
0.127 0.324 9.777 20
0.076 0.331 9.758 20
0.021 0.326 9.768 20
-0.04 0.331 9.761 21
-0.064 0.328 9.744 20
-0.088 0.338 9.739 20
-0.121 0.34 9.761 20
-0.152 0.331 9.746 20
-0.167 0.331 9.761 20
-0.193 0.316 9.753 20
-0.188 0.319 9.77 21
-0.188 0.316 9.761 20
-0.195 0.324 9.751 20
-0.176 0.314 9.765 20
-0.174 0.312 9.761 20
-0.157 0.321 9.765 20
-0.15 0.34 9.763 20
-0.116 0.331 9.749 21
-0.09 0.338 9.763 20
-0.085 0.331 9.768 20
-0.045 0.343 9.758 20
-0.037 0.35 9.777 20
-0.025 0.331 9.765 20
-0.016 0.331 9.758 21
0.021 0.326 9.763 20
0.033 0.324 9.765 20
0.05 0.316 9.765 20
0.057 0.336 9.761 20
0.069 0.343 9.782 20
0.081 0.336 9.761 20
0.069 0.331 9.749 21
0.072 0.328 9.753 20
0.076 0.333 9.775 20
0.084 0.328 9.773 20
0.088 0.333 9.761 20
0.098 0.324 9.753 20
0.084 0.338 9.775 20
0.096 0.338 9.78 21
0.12 0.331 9.761 20
0.127 0.326 9.768 20
0.129 0.321 9.773 20
0.143 0.319 9.765 20
0.155 0.331 9.756 20
0.172 0.328 9.765 21
0.175 0.328 9.761 20
0.182 0.333 9.773 20
0.196 0.35 9.763 20
0.223 0.333 9.765 20
0.211 0.338 9.773 20
0.23 0.336 9.773 20
0.225 0.326 9.777 21
0.22 0.316 9.78 20
0.215 0.316 9.761 20
0.215 0.307 9.756 20
0.189 0.343 9.768 20
0.177 0.333 9.768 20
0.153 0.331 9.758 20
0.112 0.331 9.765 21
0.103 0.338 9.737 20
0.076 0.345 9.753 20
0.031 0.338 9.749 20
-0.033 0.34 9.744 20
-0.057 0.338 9.77 20
-0.066 0.338 9.777 21
-0.114 0.321 9.751 20
-0.152 0.319 9.737 20
-0.179 0.302 9.756 20
-0.195 0.336 9.768 20
-0.21 0.338 9.761 20
-0.217 0.297 9.758 20
-0.236 0.316 9.763 21
-0.248 0.328 9.773 20
-0.224 0.295 9.763 20
-0.229 0.331 9.758 20
-0.215 0.324 9.768 20
-0.188 0.314 9.761 20
-0.145 0.326 9.753 21
-0.114 0.343 9.785 20
-0.114 0.338 9.768 20
-0.042 0.345 9.727 20
0.009 0.405 9.761 20
-0.064 0.628 9.768 20
-0.095 0.47 9.746 20
0.014 0.352 9.753 21
0.223 0.491 9.777 20
0.227 0.431 9.773 20
0.141 0.242 9.763 20
0.177 0.328 9.787 20
0.34 0.386 9.758 20
0.409 0.187 9.753 20
0.381 0.163 9.758 21
0.369 0.283 9.753 20
0.39 0.166 9.768 20
0.407 0.077 9.787 20
0.46 0.178 9.761 20
0.443 0.173 9.78 20
0.328 0.096 9.777 20
0.335 0.194 9.751 21
0.414 0.233 9.756 20
0.325 0.168 9.763 20
0.215 0.23 9.753 20
0.191 0.336 9.768 20
0.16 0.314 9.787 20
0.139 0.288 9.768 21
0.115 0.374 9.765 20
0.031 0.381 9.765 20
-0.049 0.379 9.758 20
-0.016 0.422 9.763 20
-0.021 0.427 9.777 20
-0.107 0.379 9.78 20
-0.15 0.371 9.753 21
-0.15 0.395 9.77 20
-0.155 0.374 9.763 20
-0.152 0.355 9.734 20
-0.145 0.393 9.758 20
-0.2 0.393 9.756 20
-0.186 0.381 9.758 20
-0.116 0.403 9.765 21
-0.119 0.374 9.761 20
-0.15 0.336 9.749 20
-0.114 0.343 9.746 20
-0.054 0.34 9.761 20
-0.028 0.285 9.758 20
-0.006 0.249 9.761 21
-0.023 0.276 9.746 20
-0.018 0.249 9.753 20
0.041 0.216 9.758 20
0.086 0.223 9.753 20
0.081 0.221 9.768 20
0.079 0.192 9.78 20
0.098 0.216 9.765 21
0.146 0.23 9.765 20
0.148 0.221 9.763 20
0.129 0.249 9.773 20
0.141 0.297 9.763 20
0.153 0.312 9.777 20
0.153 0.324 9.768 20
0.167 0.345 9.761 21
0.153 0.359 9.768 20
0.134 0.379 9.77 20
0.132 0.393 9.78 20
0.16 0.41 9.763 20
0.143 0.4 9.756 20
0.132 0.4 9.765 21
0.124 0.407 9.763 20
0.124 0.388 9.77 20
0.139 0.367 9.77 20
0.134 0.376 9.761 20
0.124 0.357 9.785 20
0.141 0.362 9.758 20
0.148 0.331 9.777 21
0.148 0.316 9.777 20
0.136 0.285 9.763 20
0.127 0.285 9.761 20
0.141 0.261 9.775 20
0.143 0.228 9.761 20
0.134 0.235 9.763 20
0.127 0.23 9.758 21
0.108 0.225 9.773 20
0.112 0.242 9.775 20
0.1 0.249 9.761 20
0.076 0.249 9.763 20
0.055 0.278 9.768 20
0.043 0.295 9.751 21
0.033 0.29 9.773 20
0.007 0.292 9.751 20
-0.018 0.297 9.761 20
-0.033 0.328 9.751 20
-0.064 0.343 9.765 20
-0.066 0.338 9.749 20
-0.083 0.386 9.816 21
-0.069 0.247 9.624 20
-0.162 0.393 9.844 20
-0.114 0.4 9.78 20
-0.104 0.362 9.758 20
-0.14 0.383 9.756 20
-0.1 0.379 9.756 20
-0.066 0.355 9.765 21
-0.081 0.381 9.756 20
-0.085 0.352 9.765 20
-0.061 0.328 9.758 20
-0.045 0.338 9.756 20
-0.006 0.331 9.773 20
0.043 0.292 9.761 20
0.05 0.29 9.777 21
0.079 0.268 9.768 20
0.129 0.252 9.763 20
0.141 0.276 9.765 20
0.167 0.259 9.761 20
0.199 0.23 9.763 20
0.218 0.276 9.787 21
0.234 0.278 9.782 20
0.278 0.261 9.763 20
0.299 0.28 9.751 20
0.285 0.295 9.77 20
0.294 0.285 9.758 20
0.29 0.309 9.763 20
0.27 0.316 9.78 21
0.261 0.295 9.78 20
0.244 0.333 9.761 20
0.223 0.352 9.756 20
0.196 0.355 9.765 20
0.163 0.359 9.775 20
0.141 0.364 9.765 20
0.124 0.359 9.758 21
0.072 0.369 9.765 20
0.041 0.359 9.78 20
0.029 0.338 9.763 20
0.0 0.35 9.756 20
-0.025 0.352 9.749 20
-0.045 0.345 9.751 21
-0.078 0.316 9.773 20
-0.104 0.309 9.773 20
-0.104 0.297 9.761 20
-0.104 0.3 9.758 20
-0.104 0.29 9.758 20
-0.102 0.278 9.753 20
-0.121 0.261 9.756 21
-0.116 0.283 9.761 20
-0.1 0.276 9.758 20
-0.069 0.259 9.78 20
-0.069 0.268 9.761 20
-0.057 0.28 9.758 20
-0.028 0.276 9.775 20
-0.018 0.307 9.761 21
-0.004 0.3 9.758 20
-0.002 0.352 9.832 20
0.129 0.216 9.674 20
0.081 0.278 9.78 20
0.064 0.345 9.806 20
0.141 0.333 9.777 21
0.12 0.35 9.751 20
0.081 0.379 9.756 20
0.129 0.367 9.763 20
0.16 0.371 9.78 20
0.129 0.415 9.746 20
0.158 0.343 9.775 20
0.179 0.34 9.77 21
0.153 0.374 9.765 20
0.167 0.331 9.756 20
0.182 0.328 9.773 20
0.148 0.338 9.763 20
0.155 0.285 9.751 20
0.175 0.271 9.775 20
0.165 0.326 9.773 21
0.143 0.268 9.78 20
0.139 0.257 9.768 20
0.11 0.302 9.761 20
0.112 0.264 9.758 20
0.108 0.249 9.753 20
0.081 0.29 9.751 21
0.088 0.283 9.765 20
0.093 0.273 9.77 20
0.067 0.29 9.758 20
0.069 0.273 9.775 20
0.06 0.276 9.78 20
0.043 0.326 9.768 20
0.053 0.333 9.761 21
0.041 0.326 9.77 20
0.012 0.326 9.758 20
0.021 0.321 9.763 20
0.031 0.34 9.763 20
0.014 0.348 9.765 20
0.019 0.352 9.789 20
0.026 0.343 9.789 21
-0.002 0.355 9.773 20
-0.009 0.352 9.768 20
0.002 0.355 9.768 20
-0.014 0.345 9.765 20
-0.009 0.319 9.77 20
0.0 0.316 9.765 20
-0.002 0.333 9.742 21
0.0 0.316 9.765 20
-0.004 0.312 9.773 20
-0.009 0.297 9.768 20
-0.009 0.28 9.758 20
0.014 0.295 9.753 20
0.024 0.295 9.768 21
0.024 0.264 9.758 20
0.024 0.271 9.77 20
0.045 0.292 9.763 20
0.043 0.29 9.768 20
0.069 0.271 9.765 20
0.057 0.3 9.758 20
0.072 0.295 9.775 21
0.088 0.321 9.77 20
0.105 0.321 9.765 20
0.108 0.314 9.768 20
0.129 0.312 9.77 20
0.151 0.331 9.753 20
0.143 0.331 9.768 21
0.155 0.326 9.782 20
0.155 0.336 9.765 20
0.155 0.328 9.765 20
0.155 0.336 9.756 20
0.165 0.34 9.77 20
0.165 0.338 9.758 20
0.158 0.336 9.758 21
0.153 0.333 9.773 20
0.151 0.35 9.749 20
0.143 0.333 9.751 20
0.12 0.314 9.758 20
0.1 0.307 9.758 20
0.1 0.314 9.78 20
0.081 0.307 9.763 21
0.067 0.29 9.758 20
0.055 0.273 9.758 20
0.045 0.285 9.765 20
0.026 0.336 9.816 20
0.057 0.228 9.677 20
-0.023 0.213 9.794 21
-0.069 0.28 9.727 20
-0.064 0.371 9.794 20
0.026 0.302 9.775 20
-0.107 0.336 9.782 20
-0.057 0.3 9.765 20
0.074 0.29 9.751 20
-0.03 0.359 9.753 21
-0.049 0.328 9.775 20
0.017 0.288 9.751 20
-0.047 0.386 9.753 20

# Completed @Mon Jul 31 19:57:37 GMT+08:00 2017
