0.153 0.144 9.777 0
0.117 0.168 9.77 20
0.242 0.223 9.768 20
0.292 0.271 9.765 20
0.232 0.283 9.777 20
0.189 0.252 9.785 20
0.155 0.233 9.763 20
0.175 0.204 9.749 21
0.199 0.192 9.773 20
0.151 0.168 9.775 20
0.182 0.125 9.77 20
0.266 0.11 9.773 20
0.246 0.173 9.77 20
0.163 0.197 9.763 20
0.167 0.158 9.765 21
0.199 0.113 9.765 20
0.23 0.11 9.775 20
0.167 0.149 9.773 20
0.136 0.163 9.785 20
0.155 0.192 9.777 20
0.215 0.223 9.775 20
0.244 0.237 9.773 21
0.215 0.235 9.782 20
0.153 0.199 9.763 20
0.189 0.173 9.763 20
0.203 0.156 9.773 20
-0.002 0.201 9.777 20
-0.186 0.506 9.78 21
-0.078 0.472 9.768 20
-0.049 0.407 9.765 20
-0.009 0.403 9.787 20
0.064 0.273 9.78 20
0.1 0.225 9.775 20
0.146 0.218 9.773 20
0.196 0.12 9.773 21
0.127 0.113 9.756 20
0.091 0.175 9.773 20
0.179 0.13 9.768 20
0.148 0.11 9.768 20
0.132 0.094 9.763 20
0.213 0.008 9.765 20
0.287 0.022 9.775 21
0.27 0.024 9.77 20
0.278 -0.049 9.765 20
0.275 -0.006 9.753 20
0.297 0.101 9.761 20
0.357 0.077 9.761 20
0.354 0.051 9.763 20
0.328 0.096 9.773 21
0.349 0.122 9.765 20
0.366 0.154 9.765 20
0.364 0.209 9.763 20
0.361 0.237 9.763 20
0.325 0.271 9.768 20
0.294 0.304 9.749 21
0.325 0.321 9.773 20
0.318 0.331 9.753 20
0.273 0.326 9.782 20
0.246 0.333 9.785 20
0.254 0.343 9.773 20
0.22 0.336 9.763 20
0.196 0.297 9.746 21
0.184 0.283 9.763 20
0.139 0.283 9.775 20
0.129 0.249 9.775 20
0.141 0.228 9.756 20
0.112 0.194 9.761 20
0.081 0.154 9.768 20
0.064 0.12 9.763 21
0.048 0.122 9.761 20
0.041 0.084 9.782 20
0.041 0.065 9.785 20
0.038 0.075 9.773 20
0.033 0.079 9.746 20
0.05 0.053 9.761 20
0.036 0.046 9.773 21
0.045 0.055 9.765 20
0.055 0.089 9.758 20
0.062 0.113 9.756 20
0.088 0.13 9.746 20
0.096 0.156 9.77 20
0.112 0.166 9.775 20
0.115 0.213 9.768 21
0.136 0.235 9.77 20
0.16 0.273 9.756 20
0.191 0.273 9.761 20
0.196 0.283 9.775 20
0.218 0.304 9.758 20
0.225 0.321 9.761 21
0.261 0.309 9.777 20
0.27 0.307 9.777 20
0.294 0.304 9.775 20
0.297 0.292 9.765 20
0.306 0.283 9.758 20
0.313 0.245 9.761 20
0.313 0.225 9.773 21
0.309 0.209 9.78 20
0.316 0.185 9.773 20
0.311 0.156 9.77 20
0.311 0.13 9.761 20
0.299 0.113 9.765 20
0.297 0.087 9.775 20
0.285 0.084 9.765 21
0.261 0.079 9.763 20
0.251 0.089 9.77 20
0.227 0.077 9.777 20
0.213 0.072 9.758 20
0.203 0.099 9.773 20
0.187 0.12 9.775 20
0.17 0.115 9.775 21
0.158 0.139 9.768 20
0.167 0.161 9.763 20
0.17 0.381 9.703 20
1.86 0.324 9.998 20
4.005 -0.729 8.956 20
-0.169 -0.628 9.476 21
-4.419 0.848 9.21 20
-2.645 1.126 9.667 20
-1.141 0.278 9.485 20
-0.595 0.419 8.717 20
-2.113 0.972 9.102 20
-5.75 0.661 10.429 20
-6.143 0.328 10.393 21
-3.873 0.865 8.923 20
-1.761 -0.181 10.637 20
-4.833 0.338 9.78 20
-6.358 0.197 11.76 20
-6.217 -0.138 10.828 20
-3.732 0.034 9.864 20
-1.785 -0.413 9.524 21
-3.861 -1.457 11.104 20
-7.725 0.546 9.694 20
-1.797 1.312 8.039 20
5.183 -2.048 8.209 20
4.211 -0.803 8.832 20
0.278 1.691 8.995 21
-2.587 -0.267 8.487 20
1.513 -1.488 8.252 20
8.028 0.879 9.928 20
7.585 0.367 10.534 20
3.234 -1.16 9.272 20
2.217 0.458 8.822 20
6.826 0.848 10.201 21
9.807 -0.889 11.664 20
8.241 -0.073 11.123 20
5.499 1.152 10.05 20
4.604 0.745 9.916 20
7.695 0.041 10.9 20
9.167 -0.03 11.642 20
6.675 0.465 10.589 21
3.706 0.436 9.344 20
4.53 0.101 9.73 20
6.275 0.434 10.412 20
4.968 0.194 9.933 20
2.43 -0.059 8.896 20
1.037 0.324 8.863 21
2.025 0.41 9.174 20
2.859 -0.027 9.129 20
1.331 -0.094 8.798 20
-1.366 0.24 8.757 20
-2.939 0.28 9.162 20
-2.096 0.043 9.299 20
-0.859 0.0 9.054 21
-1.428 0.11 8.987 20
-3.657 -0.073 9.464 20
-5.491 -0.279 10.01 20
-4.895 0.0 10.084 20
-3.715 0.12 9.84 20
-4.615 0.106 9.789 20
-6.399 0.297 10.295 21
-7.122 0.357 10.735 20
-5.949 -0.032 10.589 20
-4.79 -0.078 10.23 20
-5.099 0.369 10.211 20
-5.939 0.216 10.338 20
-5.705 -0.116 10.28 20
-4.359 -0.015 10.022 21
-3.236 -0.063 9.73 20
-3.159 -0.121 9.655 20
-3.425 0.189 9.627 20
-2.879 0.235 9.406 20
-1.436 -0.099 9.167 20
-0.373 -0.006 9.117 21
-0.255 0.264 9.167 20
-0.102 0.146 9.16 20
0.443 0.264 9.129 20
1.463 0.474 9.172 20
2.533 0.314 9.267 20
2.923 0.206 9.363 20
2.794 0.314 9.459 21
3.021 0.304 9.526 20
3.934 0.307 9.794 20
4.786 0.393 10.0 20
5.202 0.304 10.096 20
5.195 0.108 10.141 20
5.119 0.211 10.247 20
5.368 0.436 10.426 21
5.363 0.434 10.419 20
5.128 0.194 10.278 20
5.056 0.144 10.206 20
5.109 0.175 10.271 20
4.683 0.07 10.144 20
3.941 0.324 9.897 20
3.424 0.192 9.725 21
3.141 0.0 9.643 20
2.837 0.115 9.545 20
2.404 0.075 9.437 20
1.465 0.06 9.296 20
0.462 0.247 9.241 20
0.038 0.292 9.275 21
-0.021 0.173 9.291 20
-0.595 0.132 9.267 20
-1.558 0.185 9.346 20
-2.053 0.204 9.492 20
-1.946 0.089 9.512 20
-1.881 0.039 9.557 20
-2.707 0.036 9.672 21
-3.701 0.051 9.821 20
-4.081 0.175 9.976 20
-3.926 0.304 9.983 20
-3.859 0.209 9.993 20
-4.227 0.161 10.134 20
-4.567 0.144 10.247 20
-4.457 0.242 10.211 21
-4.043 0.252 10.105 20
-3.863 0.115 10.01 20
-3.849 -0.02 10.031 20
-3.574 -0.082 10.0 20
-3.061 -0.054 9.871 20
-2.633 -0.006 9.691 20
-2.135 -0.023 9.619 21
-1.85 0.039 9.562 20
-1.601 0.108 9.543 20
-1.019 0.072 9.454 20
-0.33 0.072 9.358 20
0.302 0.182 9.363 20
0.744 0.288 9.413 21
0.879 0.336 9.418 20
1.295 0.324 9.442 20
2.021 0.276 9.495 20
2.526 0.264 9.619 20
2.593 0.319 9.672 20
2.72 0.28 9.71 20
3.266 0.235 9.797 21
3.833 0.304 9.938 20
4.317 0.285 10.086 20
4.264 0.189 10.122 20
3.85 0.158 10.053 20
3.926 0.29 10.093 20
4.108 0.321 10.132 20
4.056 0.343 10.127 21
3.804 0.211 10.048 20
3.45 0.158 9.94 20
3.246 0.213 9.866 20
3.033 0.194 9.801 20
2.657 0.245 9.727 20
2.171 0.163 9.629 21
1.657 0.082 9.557 20
1.207 0.154 9.516 20
0.819 0.23 9.504 20
0.414 0.213 9.471 20
-0.109 0.233 9.466 20
-0.631 0.23 9.5 20
-1.084 0.182 9.524 21
-1.414 0.151 9.595 20
-1.517 0.075 9.605 20
-1.654 0.055 9.619 20
-1.989 0.024 9.686 20
-2.436 0.182 9.847 20
-2.851 0.132 9.861 20
-2.927 0.209 9.885 21
-2.901 0.139 9.888 20
-3.069 0.065 9.947 20
-3.349 0.144 10.005 20
-3.387 0.259 10.041 20
-3.057 0.178 9.988 20
-2.8 0.077 9.914 20
-2.822 0.106 9.888 21
-2.769 0.072 9.892 20
-2.444 0.065 9.852 20
-2.041 0.158 9.773 20
-1.625 0.118 9.679 20
-1.381 0.067 9.636 20
-1.232 0.216 9.61 21
-0.861 0.285 9.598 20
-0.332 0.218 9.552 20
0.163 0.268 9.526 20
0.57 0.328 9.545 20
0.847 0.314 9.598 20
1.063 0.326 9.593 20
1.47 0.316 9.612 21
1.915 0.225 9.67 20
2.08 0.271 9.732 20
2.171 0.288 9.765 20
2.578 0.178 9.789 20
2.93 0.166 9.873 20
3.191 0.218 9.916 20
3.354 0.185 9.95 21
3.213 0.058 9.955 20
3.088 0.156 9.955 20
3.136 0.24 9.981 20
3.048 0.254 9.95 20
2.964 0.266 9.923 20
2.803 0.12 9.88 20
2.547 0.127 9.84 21
2.253 0.204 9.78 20
1.951 0.221 9.734 20
1.673 0.276 9.698 20
1.348 0.24 9.658 20
0.97 0.149 9.619 20
0.553 0.204 9.6 21
0.179 0.324 9.61 20
-0.222 0.304 9.598 20
-0.543 0.254 9.61 20
-0.83 0.237 9.651 20
-1.067 0.168 9.658 20
-1.206 0.23 9.686 20
-1.235 0.371 9.722 21
-1.467 0.261 9.768 20
-1.922 0.034 9.78 20
-2.111 0.115 9.818 20
-2.221 0.134 9.813 20
-2.24 0.175 9.859 20
-2.281 0.168 9.876 20
-2.429 0.043 9.909 21
-2.372 0.022 9.921 20
-2.269 0.106 9.864 20
-2.137 0.187 9.861 20
-2.084 0.13 9.837 20
-1.958 0.046 9.792 20
-1.701 0.036 9.758 20
-1.417 0.101 9.742 21
-1.127 0.139 9.72 20
-0.914 0.173 9.706 20
-0.77 0.211 9.686 20
-0.507 0.223 9.655 20
-0.069 0.237 9.617 20
0.313 0.297 9.634 21
0.531 0.316 9.641 20
0.752 0.29 9.653 20
1.082 0.295 9.679 20
1.396 0.309 9.708 20
1.616 0.283 9.72 20
1.623 0.254 9.78 20
1.748 0.29 9.78 21
2.147 0.247 9.818 20
2.454 0.273 9.84 20
2.595 0.302 9.876 20
2.538 0.194 9.868 20
2.452 0.094 9.885 20
2.382 0.146 9.873 20
2.425 0.242 9.88 21
2.368 0.24 9.876 20
2.157 0.237 9.842 20
1.985 0.206 9.813 20
1.831 0.158 9.782 20
1.635 0.17 9.768 20
1.391 0.187 9.725 20
1.111 0.161 9.698 21
0.823 0.187 9.686 20
0.565 0.213 9.684 20
0.278 0.221 9.665 20
-0.093 0.223 9.667 20
-0.413 0.235 9.686 20
-0.612 0.173 9.689 20
-0.732 0.216 9.698 21
-0.847 0.24 9.718 20
-0.938 0.304 9.746 20
-1.079 0.321 9.799 20
-1.426 0.132 9.785 20
-1.606 0.146 9.794 20
-1.594 0.197 9.804 21
-1.666 0.173 9.799 20
-1.745 0.197 9.835 20
-1.804 0.154 9.866 20
-1.795 0.108 9.856 20
-1.682 0.154 9.813 20
-1.587 0.168 9.816 20
-1.558 0.154 9.823 21
-1.476 0.106 9.801 20
-1.201 0.077 9.773 20
-0.981 0.127 9.749 20
-0.787 0.146 9.72 20
-0.626 0.158 9.727 20
-0.478 0.194 9.72 20
-0.272 0.213 9.703 21
0.007 0.18 9.698 20
0.304 0.235 9.682 20
0.534 0.278 9.71 20
0.718 0.245 9.732 20
0.917 0.23 9.72 20
1.147 0.233 9.742 20
1.321 0.211 9.749 21
1.393 0.218 9.756 20
1.484 0.29 9.763 20
1.681 0.261 9.818 20
1.901 0.268 9.823 20
2.033 0.28 9.84 20
2.023 0.273 9.835 21
1.954 0.23 9.842 20
1.877 0.204 9.825 20
1.841 0.199 9.811 20
1.807 0.237 9.809 20
1.7 0.285 9.794 20
1.506 0.292 9.787 20
1.333 0.247 9.775 21
1.192 0.204 9.761 20
1.022 0.182 9.761 20
0.792 0.199 9.737 20
0.536 0.209 9.715 20
0.29 0.204 9.713 20
0.072 0.197 9.718 21
-0.112 0.187 9.713 20
-0.325 0.209 9.72 20
-0.533 0.178 9.734 20
-0.679 0.144 9.756 20
-0.751 0.132 9.739 20
-0.756 0.24 9.749 20
-0.878 0.254 9.794 21
-1.184 0.201 9.785 20
-1.304 0.182 9.806 20
-1.278 0.125 9.777 20
-1.287 0.125 9.782 20
-1.309 0.187 9.811 20
-1.345 0.199 9.842 20
-1.297 0.149 9.823 21
-1.189 0.134 9.797 20
-1.093 0.175 9.773 20
-1.06 0.199 9.804 20
-0.971 0.194 9.765 20
-0.768 0.175 9.758 20
-0.588 0.166 9.749 20
-0.423 0.175 9.725 21
-0.294 0.201 9.744 20
-0.184 0.225 9.737 20
0.009 0.228 9.73 20
0.263 0.206 9.725 20
0.498 0.218 9.737 20
0.613 0.24 9.739 21
0.709 0.225 9.737 20
0.886 0.237 9.746 20
1.06 0.201 9.746 20
1.168 0.197 9.77 20
1.238 0.245 9.785 20
1.309 0.304 9.792 20
1.451 0.3 9.809 21
1.614 0.271 9.816 20
1.64 0.233 9.809 20
1.558 0.211 9.809 20
1.496 0.223 9.799 20
1.482 0.206 9.801 20
1.432 0.218 9.804 20
1.336 0.223 9.787 21
1.197 0.24 9.782 20
1.051 0.268 9.77 20
0.929 0.24 9.727 20
0.792 0.182 9.756 20
0.589 0.192 9.742 20
0.404 0.211 9.732 20
0.223 0.201 9.732 21
0.069 0.223 9.742 20
-0.102 0.211 9.746 20
-0.255 0.168 9.734 20
-0.377 0.173 9.744 20
-0.5 0.189 9.768 20
-0.612 0.154 9.765 21
-0.636 0.189 9.768 20
-0.703 0.247 9.785 20
-0.863 0.199 9.775 20
-0.969 0.228 9.794 20
-0.983 0.218 9.777 20
-0.995 0.166 9.813 20
-0.971 0.149 9.782 21
-0.978 0.178 9.801 20
-0.954 0.187 9.809 20
-0.866 0.168 9.773 20
-0.796 0.158 9.773 20
-0.739 0.175 9.773 20
-0.662 0.158 9.763 20
-0.509 0.187 9.773 21
-0.346 0.197 9.756 20
-0.251 0.161 9.732 20
-0.155 0.168 9.744 20
-0.016 0.23 9.744 20
0.179 0.223 9.746 20
0.345 0.213 9.756 20
0.472 0.235 9.749 21
0.567 0.23 9.768 20
0.706 0.23 9.761 20
0.819 0.252 9.758 20
0.9 0.228 9.768 20
0.965 0.233 9.765 20
1.037 0.237 9.775 21
1.142 0.292 9.787 20
1.221 0.314 9.806 20
1.266 0.285 9.789 20
1.271 0.237 9.801 20
1.245 0.209 9.813 20
1.197 0.209 9.792 20
1.168 0.221 9.785 21
1.084 0.237 9.763 20
0.981 0.252 9.773 20
0.9 0.233 9.77 20
0.79 0.225 9.775 20
0.658 0.204 9.742 20
0.543 0.201 9.756 20
0.388 0.18 9.753 21
0.232 0.189 9.751 20
0.122 0.201 9.737 20
-0.009 0.187 9.765 20
-0.152 0.187 9.751 20
-0.255 0.189 9.751 20
-0.332 0.173 9.749 21
-0.423 0.175 9.768 20
-0.507 0.199 9.765 20
-0.557 0.235 9.775 20
-0.619 0.213 9.792 20
-0.708 0.182 9.768 20
-0.749 0.194 9.787 20
-0.763 0.209 9.787 21
-0.77 0.218 9.763 20
-0.732 0.213 9.801 20
-0.708 0.175 9.794 20
-0.674 0.187 9.787 20
-0.61 0.201 9.768 20
-0.55 0.192 9.77 20
-0.468 0.185 9.765 21
-0.38 0.197 9.746 20
-0.279 0.201 9.744 20
-0.195 0.209 9.73 20
-0.085 0.194 9.742 20
0.064 0.201 9.765 20
0.189 0.23 9.744 20
0.309 0.216 9.742 21
0.431 0.209 9.753 20
0.524 0.23 9.756 20
0.62 0.216 9.756 20
0.721 0.204 9.763 20
0.756 0.223 9.768 20
0.816 0.237 9.77 21
0.879 0.247 9.794 20
0.953 0.252 9.782 20
1.003 0.252 9.794 20
1.044 0.247 9.789 20
1.053 0.24 9.794 20
1.041 0.221 9.78 20
0.981 0.211 9.789 21
0.922 0.225 9.775 20
0.874 0.237 9.773 20
0.802 0.259 9.775 20
0.718 0.254 9.777 20
0.632 0.225 9.765 20
0.551 0.209 9.77 21
0.431 0.206 9.746 20
0.313 0.211 9.753 20
0.196 0.194 9.763 20
0.091 0.197 9.756 20
-0.009 0.199 9.761 20
-0.126 0.197 9.739 20
-0.222 0.185 9.753 21
-0.284 0.187 9.746 20
-0.339 0.168 9.761 20
-0.413 0.194 9.756 20
-0.449 0.225 9.768 20
-0.502 0.221 9.787 20
-0.579 0.192 9.785 20
-0.612 0.199 9.797 21
-0.6 0.209 9.777 20
-0.6 0.216 9.756 20
-0.579 0.204 9.777 20
-0.552 0.182 9.763 20
-0.512 0.194 9.758 20
-0.444 0.173 9.787 21
-0.375 0.185 9.775 20
-0.31 0.166 9.768 20
-0.251 0.175 9.763 20
-0.174 0.189 9.77 20
-0.076 0.201 9.761 20
0.029 0.211 9.751 20
0.129 0.209 9.768 21
0.218 0.221 9.773 20
0.337 0.201 9.742 20
0.433 0.221 9.763 20
0.517 0.206 9.758 20
0.577 0.216 9.746 20
0.62 0.233 9.782 20
0.697 0.233 9.787 21
0.759 0.233 9.77 20
0.785 0.259 9.773 20
0.821 0.247 9.787 20
0.84 0.252 9.777 20
0.871 0.24 9.773 20
0.881 0.216 9.773 21
0.85 0.218 9.782 20
0.816 0.223 9.782 20
0.78 0.228 9.777 20
0.725 0.211 9.775 20
0.641 0.225 9.785 20
0.567 0.23 9.765 20
0.5 0.211 9.758 21
0.433 0.221 9.763 20
0.333 0.204 9.758 20
0.218 0.173 9.775 20
0.134 0.197 9.768 20
0.057 0.211 9.777 20
-0.023 0.204 9.77 20
-0.112 0.17 9.765 21
-0.195 0.204 9.758 20
-0.246 0.201 9.751 20
-0.301 0.185 9.768 20
-0.33 0.194 9.765 20
-0.373 0.206 9.768 20
-0.425 0.204 9.78 20
-0.449 0.213 9.765 21
-0.468 0.213 9.765 20
-0.488 0.213 9.777 20
-0.459 0.211 9.77 20
-0.437 0.211 9.77 20
-0.401 0.209 9.77 20
-0.342 0.197 9.78 21
-0.308 0.201 9.751 20
-0.255 0.199 9.765 20
-0.198 0.192 9.77 20
-0.14 0.194 9.742 20
-0.069 0.182 9.753 20
0.029 0.194 9.756 20
0.122 0.211 9.758 21
0.211 0.211 9.753 20
0.294 0.199 9.758 20
0.371 0.204 9.763 20
0.436 0.199 9.758 20
0.51 0.199 9.761 20
0.546 0.201 9.753 20
0.591 0.211 9.777 21
0.634 0.225 9.765 20
0.67 0.218 9.765 20
0.687 0.242 9.77 20
0.706 0.237 9.777 20
0.74 0.247 9.775 20
0.761 0.242 9.789 20
0.74 0.225 9.775 21
0.706 0.218 9.775 20
0.653 0.221 9.763 20
0.61 0.233 9.785 20
0.572 0.24 9.775 20
0.51 0.24 9.773 20
0.443 0.221 9.756 21
0.407 0.206 9.773 20
0.306 0.197 9.775 20
0.246 0.218 9.753 20
0.163 0.213 9.758 20
0.091 0.206 9.77 20
0.014 0.194 9.742 20
-0.049 0.187 9.765 21
-0.114 0.192 9.78 20
-0.179 0.189 9.765 20
-0.217 0.189 9.773 20
-0.258 0.192 9.777 20
-0.282 0.199 9.768 20
-0.306 0.197 9.782 20
-0.339 0.182 9.761 21
-0.334 0.206 9.768 20
-0.339 0.201 9.768 20
-0.361 0.187 9.77 20
-0.332 0.189 9.777 20
-0.306 0.216 9.773 20
-0.277 0.216 9.768 21
-0.246 0.206 9.756 20
-0.205 0.199 9.765 20
-0.145 0.201 9.761 20
-0.09 0.192 9.749 20
-0.016 0.201 9.744 20
0.041 0.197 9.777 20
0.091 0.185 9.77 21
0.184 0.228 9.753 20
0.261 0.223 9.787 20
0.316 0.223 9.785 20
0.383 0.221 9.763 20
0.445 0.209 9.78 20
0.483 0.216 9.785 20
0.522 0.228 9.78 21
0.558 0.218 9.775 20
0.572 0.23 9.765 20
0.596 0.228 9.768 20
0.63 0.216 9.753 20
0.639 0.209 9.775 20
0.632 0.206 9.77 21
0.625 0.218 9.773 20
0.606 0.221 9.782 20
0.572 0.199 9.785 20
0.536 0.211 9.761 20
0.495 0.211 9.768 20
0.448 0.213 9.773 20
0.402 0.221 9.756 21
0.333 0.206 9.753 20
0.263 0.194 9.77 20
0.223 0.211 9.758 20
0.165 0.206 9.773 20
0.093 0.199 9.775 20
0.024 0.197 9.77 20
-0.03 0.185 9.751 21
-0.085 0.18 9.751 20
-0.131 0.209 9.765 20
-0.157 0.206 9.773 20
-0.205 0.209 9.768 20
-0.219 0.178 9.768 20
-0.224 0.199 9.758 20
-0.251 0.213 9.765 21
-0.26 0.209 9.756 20
-0.267 0.216 9.765 20
-0.26 0.218 9.773 20
-0.255 0.192 9.765 20
-0.239 0.204 9.787 20
-0.21 0.206 9.785 21
-0.181 0.194 9.773 20
-0.143 0.192 9.758 20
-0.093 0.197 9.761 20
-0.03 0.216 9.777 20
-0.004 0.194 9.77 20
0.05 0.204 9.777 20
0.134 0.206 9.763 21
0.175 0.201 9.775 20
0.22 0.201 9.77 20
0.28 0.209 9.753 20
0.333 0.206 9.768 20
0.376 0.197 9.773 20
0.436 0.211 9.765 20
0.479 0.211 9.77 21
0.507 0.211 9.765 20
0.524 0.209 9.775 20
0.546 0.211 9.787 20
0.553 0.221 9.782 20
0.546 0.223 9.768 20
0.548 0.211 9.78 20
0.555 0.221 9.761 21
0.539 0.221 9.768 20
0.512 0.206 9.761 20
0.476 0.211 9.751 20
0.443 0.225 9.77 20
0.402 0.228 9.763 20
0.357 0.216 9.765 21
0.309 0.218 9.765 20
0.256 0.223 9.77 20
0.208 0.213 9.775 20
0.151 0.204 9.785 20
0.098 0.211 9.763 20
0.055 0.197 9.765 20
0.014 0.235 9.777 21
-0.033 0.216 9.761 20
-0.083 0.189 9.777 20
-0.128 0.194 9.758 20
-0.14 0.187 9.753 20
-0.155 0.204 9.775 20
-0.174 0.185 9.768 20
-0.193 0.194 9.78 21
-0.195 0.194 9.773 20
-0.2 0.192 9.758 20
-0.193 0.201 9.756 20
-0.191 0.189 9.768 20
-0.164 0.197 9.777 20
-0.148 0.209 9.777 20
-0.119 0.204 9.773 21
-0.071 0.189 9.768 20
-0.042 0.201 9.78 20
-0.011 0.218 9.77 20
0.038 0.218 9.763 20
0.088 0.206 9.777 20
0.139 0.199 9.763 21
0.175 0.209 9.765 20
0.23 0.213 9.763 20
0.258 0.213 9.756 20
0.316 0.197 9.753 20
0.381 0.189 9.763 20
0.531 0.178 9.765 20
0.661 0.163 9.77 21
0.615 0.18 9.768 20
0.462 0.206 9.773 20
0.412 0.221 9.765 20
0.448 0.271 9.758 20
0.424 0.247 9.777 20
0.357 0.24 9.787 20
0.373 0.254 9.765 21
0.448 0.233 9.775 20
0.419 0.235 9.775 20
0.313 0.235 9.782 20
0.246 0.225 9.765 20
0.239 0.216 9.765 20
0.256 0.233 9.763 20
0.206 0.213 9.756 21
0.105 0.216 9.775 20
0.076 0.185 9.773 20
0.088 0.17 9.768 20
0.091 0.182 9.761 20
0.031 0.189 9.777 20
-0.037 0.168 9.775 21
-0.078 0.189 9.777 20
-0.04 0.201 9.77 20
-0.04 0.185 9.761 20
-0.095 0.168 9.775 20
-0.131 0.189 9.782 20
-0.112 0.189 9.78 20
-0.085 0.199 9.763 21
-0.071 0.216 9.787 20
-0.114 0.201 9.787 20
-0.107 0.201 9.765 20
-0.035 0.23 9.78 20
-0.006 0.211 9.777 20
0.002 0.204 9.761 20
0.0 0.223 9.768 21
0.019 0.235 9.761 20
0.081 0.237 9.78 20
0.148 0.221 9.763 20
0.146 0.213 9.763 20
0.134 0.211 9.768 20
0.191 0.213 9.77 20
0.263 0.223 9.77 21
0.285 0.218 9.777 20
0.287 0.211 9.763 20
0.304 0.204 9.768 20
0.345 0.201 9.78 20
0.383 0.206 9.77 20
0.385 0.206 9.753 21
0.364 0.194 9.753 20
0.371 0.199 9.765 20
0.407 0.204 9.777 20
0.407 0.206 9.77 20
0.378 0.204 9.775 20
0.337 0.201 9.782 20
0.345 0.201 9.773 21
0.347 0.192 9.763 20
0.304 0.204 9.768 20
0.273 0.204 9.756 20
0.223 0.223 9.765 20
0.203 0.216 9.758 20
0.201 0.228 9.77 20
0.165 0.23 9.768 21
0.124 0.225 9.749 20
0.115 0.228 9.77 20
0.086 0.235 9.775 20
0.057 0.211 9.773 20
0.031 0.209 9.777 20
-0.011 0.216 9.777 20
-0.033 0.223 9.758 21
-0.025 0.221 9.768 20
-0.035 0.223 9.777 20
-0.061 0.209 9.756 20
-0.066 0.206 9.768 20
-0.066 0.216 9.789 20
-0.045 0.206 9.773 21
-0.045 0.192 9.765 20
-0.042 0.189 9.775 20
-0.033 0.187 9.768 20
0.0 0.178 9.768 20
0.019 0.178 9.761 20
0.031 0.194 9.768 20
0.05 0.192 9.775 21
0.076 0.173 9.763 20
0.103 0.194 9.765 20
0.139 0.216 9.77 20
0.184 0.247 9.768 20
0.225 0.201 9.77 20
0.206 0.194 9.763 20
0.232 0.201 9.763 21
0.299 0.173 9.77 20
0.266 0.23 9.758 20
0.246 0.242 9.777 20
0.316 0.199 9.792 20
0.34 0.233 9.782 20
0.333 0.233 9.794 21
0.354 0.187 9.751 20
0.313 0.209 9.77 20
0.316 0.228 9.742 20
0.34 0.264 9.753 20
0.287 0.264 9.775 20
0.254 0.201 9.775 20
0.311 0.213 9.78 21
0.29 0.252 9.77 20
0.223 0.211 9.773 20
0.187 0.225 9.773 20
0.196 0.245 9.782 20
0.206 0.189 9.758 20
0.17 0.182 9.768 20
0.141 0.24 9.763 21
0.12 0.178 9.756 20
0.098 0.151 9.758 20
0.11 0.206 9.768 20
0.079 0.185 9.775 20
0.021 0.137 9.765 20
0.033 0.168 9.758 20
0.045 0.173 9.761 21
0.033 0.146 9.765 20
0.014 0.166 9.761 20
0.017 0.182 9.756 20
0.007 0.173 9.758 20
0.024 0.175 9.763 20
0.038 0.204 9.775 21
0.038 0.209 9.782 20
0.019 0.223 9.775 20
0.165 0.393 9.775 20
0.285 0.273 9.756 20
0.112 0.077 9.773 20
0.081 0.216 9.765 20
0.266 0.134 9.768 20
0.196 0.175 9.775 21
0.0 0.319 9.775 20
0.084 0.204 9.773 20
0.139 0.216 9.773 20
0.11 0.34 9.775 20
0.172 0.187 9.77 20
0.179 0.154 9.773 21
0.132 0.247 9.789 20
0.254 0.182 9.777 20

# Completed @Mon Jul 31 19:47:41 GMT+08:00 2017
