0.175 0.18 9.763 0
0.155 0.218 9.761 20
0.132 0.245 9.777 20
0.108 0.257 9.782 20
0.084 0.292 9.777 20
0.05 0.309 9.785 20
0.072 0.331 9.794 20
0.055 0.316 9.787 20
0.055 0.307 9.777 21
0.072 0.288 9.775 20
0.081 0.297 9.787 20
0.1 0.319 9.775 20
0.096 0.297 9.777 20
0.115 0.28 9.789 20
0.098 0.297 9.797 20
0.093 0.3 9.789 20
0.1 0.292 9.782 21
0.115 0.276 9.792 20
0.117 0.268 9.773 20
0.12 0.245 9.78 20
0.108 0.259 9.785 20
0.112 0.276 9.773 20
0.117 0.264 9.768 20
0.112 0.254 9.782 21
0.122 0.261 9.787 20
0.122 0.266 9.792 20
0.115 0.283 9.773 20
0.11 0.273 9.765 20
0.108 0.261 9.787 20
0.105 0.29 9.794 20
0.105 0.288 9.792 20
0.093 0.283 9.768 21
0.093 0.302 9.78 20
0.103 0.297 9.797 20
0.112 0.307 9.782 20
0.093 0.304 9.782 20
0.084 0.3 9.787 20
0.081 0.292 9.78 20
0.072 0.309 9.785 21
0.076 0.304 9.777 20
0.084 0.3 9.785 20
0.055 0.302 9.768 20
0.076 0.307 9.78 20
0.076 0.292 9.777 20
0.084 0.29 9.775 20
0.086 0.295 9.77 20
0.081 0.273 9.773 21
0.079 0.295 9.775 20
0.086 0.266 9.794 20
0.084 0.268 9.799 20
0.091 0.266 9.77 20
0.079 0.276 9.792 20
0.081 0.285 9.773 20
0.11 0.254 9.77 21
0.098 0.276 9.765 20
0.112 0.276 9.782 20
0.11 0.261 9.787 20
0.084 0.302 9.77 20
0.122 0.28 9.782 20
0.112 0.252 9.804 20
0.088 0.321 9.785 20
0.117 0.321 9.782 21
0.127 0.273 9.782 20
0.091 0.331 9.773 20
0.079 0.381 9.792 20
0.143 0.278 9.787 20
0.148 0.18 9.758 20
0.084 0.338 9.785 20
0.048 0.415 9.794 21
0.079 0.252 9.78 20
0.129 0.228 9.777 20
0.165 0.364 9.753 20
0.129 0.278 9.787 20
0.084 0.209 9.785 20
0.067 0.283 9.782 20
-0.014 0.283 9.785 20
0.002 0.268 9.758 21
0.033 0.209 9.825 20
-0.128 0.137 9.873 20
-0.198 0.154 9.902 20
0.012 0.252 9.763 20
0.172 0.429 9.648 20
0.234 0.357 9.514 20
0.558 0.345 9.689 21
0.838 0.764 9.811 20
1.321 0.642 9.433 20
1.178 0.975 9.476 20
1.561 1.03 9.615 20
2.327 0.848 9.315 20
2.583 0.848 9.516 20
3.242 1.569 9.246 20
3.297 1.243 10.654 21
4.36 1.499 9.78 20
5.095 0.893 9.797 20
5.382 0.903 11.147 20
5.803 1.65 10.024 20
5.281 0.57 11.226 20
4.819 0.089 12.279 20
7.017 0.68 10.575 20
8.442 -0.188 6.452 21
-0.085 -1.636 9.935 20
-5.377 0.508 8.698 20
-2.53 -0.928 9.224 20
2.77 -1.045 8.523 20
2.416 0.707 8.283 20
-3.89 -0.233 8.731 20
-8.317 -1.711 10.347 21
-7.318 -0.145 10.498 20
-2.319 0.383 9.002 20
-0.514 -1.251 8.482 20
-5.733 -1.11 9.708 20
-9.875 0.242 11.733 20
-8.841 0.422 11.571 20
-4.598 -0.092 9.61 20
-2.846 0.13 9.052 21
-6.193 0.326 10.457 20
-8.63 0.17 11.688 20
-6.37 0.656 10.754 20
-3.282 1.159 9.397 20
-2.209 0.647 9.124 20
-3.775 0.532 9.821 20
-5.264 1.238 10.328 20
-3.871 1.214 9.777 21
-0.938 0.613 8.748 20
0.393 0.721 8.892 20
-0.449 0.812 9.181 20
-1.177 0.302 9.299 20
-0.483 0.012 9.081 20
1.542 0.35 8.954 20
3.704 0.264 9.191 21
4.089 -0.274 9.521 20
3.033 -0.303 9.514 20
2.758 -0.104 9.423 20
4.343 -0.111 9.665 20
5.799 -0.212 10.079 20
6.292 0.063 10.761 20
5.066 0.182 10.189 20
4.714 -0.02 9.856 21
4.846 0.182 10.292 20
5.823 0.489 10.625 20
5.959 0.309 10.601 20
4.597 0.403 10.213 20
3.874 0.551 10.014 20
4.137 0.903 10.139 20
4.264 1.049 10.144 21
3.629 0.814 9.895 20
2.973 0.649 9.624 20
2.349 0.908 9.538 20
2.09 0.905 9.562 20
1.827 0.735 9.442 20
0.804 0.901 9.323 20
0.026 0.733 9.301 20
-0.401 0.587 9.349 21
-0.78 0.604 9.375 20
-1.263 0.472 9.387 20
-1.931 0.343 9.459 20
-2.47 0.391 9.56 20
-2.848 0.304 9.706 20
-3.104 0.027 9.706 20
-3.298 -0.061 9.794 21
-3.449 0.079 9.84 20
-3.567 -0.09 9.945 20
-3.732 -0.327 10.0 20
-3.679 -0.379 10.036 20
-3.535 -0.396 10.01 20
-3.504 -0.384 9.981 20
-3.375 -0.37 9.955 20
-3.227 -0.365 9.943 21
-3.15 -0.343 9.974 20
-2.91 -0.324 9.907 20
-2.511 -0.171 9.782 20
-2.061 -0.054 9.662 20
-1.737 -0.066 9.619 20
-1.51 0.036 9.61 20
-1.156 0.261 9.569 21
-0.61 0.367 9.509 20
0.045 0.424 9.49 20
0.546 0.541 9.483 20
0.78 0.573 9.536 20
1.06 0.58 9.528 20
1.563 0.668 9.56 20
2.214 0.733 9.658 20
2.641 0.649 9.785 21
2.686 0.517 9.804 20
2.758 0.565 9.847 20
2.966 0.431 9.835 20
3.333 0.508 9.993 20
3.61 0.678 10.081 20
3.486 0.546 10.079 20
3.239 0.462 10.019 20
3.194 0.534 10.017 21
3.318 0.517 10.079 20
3.294 0.438 10.048 20
2.973 0.395 9.976 20
2.633 0.297 9.873 20
2.466 0.17 9.835 20
2.346 0.189 9.813 20
2.073 0.182 9.753 21
1.556 0.122 9.698 20
0.998 0.096 9.639 20
0.649 0.132 9.622 20
0.495 0.163 9.607 20
0.11 0.213 9.6 20
-0.447 0.206 9.583 20
-0.866 0.175 9.636 20
-1.129 0.225 9.655 21
-1.254 0.336 9.665 20
-1.369 0.381 9.672 20
-1.582 0.352 9.734 20
-1.9 0.273 9.78 20
-2.046 0.213 9.821 20
-2.008 0.149 9.825 20
-1.958 0.23 9.821 20
-2.056 0.292 9.84 21
-2.18 0.185 9.873 20
-2.199 0.132 9.861 20
-2.154 0.24 9.883 20
-2.032 0.29 9.842 20
-1.903 0.242 9.83 20
-1.85 0.254 9.813 20
-1.725 0.24 9.789 21
-1.409 0.166 9.763 20
-1.096 0.199 9.73 20
-0.856 0.249 9.706 20
-0.655 0.199 9.696 20
-0.459 0.192 9.679 20
-0.169 0.266 9.66 20
0.268 0.221 9.658 20
0.618 0.194 9.684 21
0.754 0.261 9.708 20
0.97 0.233 9.722 20
1.278 0.182 9.742 20
1.525 0.221 9.751 20
1.755 0.235 9.794 20
1.882 0.228 9.794 20
1.965 0.333 9.84 20
2.066 0.348 9.859 21
2.222 0.307 9.885 20
2.279 0.395 9.909 20
2.26 0.438 9.904 20
2.255 0.407 9.916 20
2.207 0.429 9.902 20
2.15 0.438 9.904 20
2.071 0.386 9.873 21
1.906 0.422 9.854 20
1.695 0.477 9.828 20
1.525 0.41 9.794 20
1.298 0.374 9.77 20
1.084 0.398 9.746 20
0.85 0.379 9.742 20
0.586 0.362 9.732 20
0.347 0.343 9.718 21
0.11 0.257 9.698 20
-0.16 0.206 9.691 20
-0.404 0.254 9.72 20
-0.564 0.249 9.732 20
-0.693 0.158 9.727 20
-0.842 0.204 9.734 20
-0.978 0.235 9.753 20
-1.1 0.218 9.804 21
-1.239 0.204 9.787 20
-1.285 0.149 9.782 20
-1.251 0.077 9.806 20
-1.314 0.106 9.821 20
-1.371 0.158 9.823 20
-1.326 0.132 9.801 20
-1.263 0.11 9.809 21
-1.232 0.11 9.816 20
-1.158 0.146 9.787 20
-1.074 0.197 9.797 20
-0.938 0.237 9.787 20
-0.753 0.199 9.765 20
-0.617 0.189 9.756 20
-0.48 0.266 9.751 20
-0.306 0.319 9.734 21
-0.143 0.321 9.734 20
0.05 0.297 9.739 20
0.249 0.319 9.753 20
0.428 0.314 9.742 20
0.61 0.333 9.73 20
0.79 0.362 9.775 20
0.946 0.326 9.751 20
1.084 0.328 9.787 21
1.202 0.304 9.782 20
1.377 0.352 9.804 20
1.47 0.388 9.818 20
1.487 0.379 9.823 20
1.532 0.34 9.844 20
1.575 0.355 9.842 20
1.611 0.379 9.859 20
1.604 0.345 9.854 21
1.556 0.316 9.84 20
1.453 0.276 9.847 20
1.417 0.245 9.823 20
1.326 0.264 9.818 20
1.149 0.295 9.787 20
0.977 0.276 9.775 20
0.843 0.225 9.782 21
0.716 0.259 9.775 20
0.565 0.273 9.746 20
0.39 0.211 9.751 20
0.172 0.223 9.746 20
-0.009 0.264 9.742 20
-0.112 0.249 9.749 20
-0.272 0.252 9.744 20
-0.416 0.292 9.761 21
-0.533 0.276 9.753 20
-0.602 0.218 9.761 20
-0.665 0.259 9.751 20
-0.72 0.273 9.777 20
-0.816 0.264 9.797 20
-0.892 0.276 9.801 20
-0.887 0.276 9.797 20
-0.837 0.268 9.787 21
-0.806 0.28 9.782 20
-0.816 0.273 9.794 20
-0.787 0.23 9.777 20
-0.744 0.187 9.753 20
-0.648 0.209 9.78 20
-0.521 0.211 9.773 20
-0.442 0.189 9.758 21
-0.392 0.199 9.765 20
-0.246 0.221 9.758 20
-0.104 0.194 9.768 20
0.033 0.189 9.763 20
0.139 0.242 9.753 20
0.234 0.211 9.78 20
0.373 0.225 9.761 20
0.524 0.261 9.753 21
0.68 0.273 9.77 20
0.73 0.278 9.785 20
0.79 0.278 9.773 20
0.914 0.257 9.804 20
1.049 0.264 9.782 20
1.111 0.338 9.821 20
1.144 0.321 9.813 20
1.128 0.333 9.804 21
1.149 0.381 9.83 20
1.223 0.364 9.828 20
1.192 0.343 9.825 20
1.072 0.362 9.825 20
1.029 0.362 9.799 20
1.003 0.324 9.797 20
0.922 0.352 9.813 21
0.821 0.345 9.787 20
0.704 0.302 9.775 20
0.613 0.331 9.777 20
0.541 0.3 9.78 20
0.431 0.266 9.77 20
0.227 0.266 9.785 20
0.117 0.252 9.782 20
0.062 0.237 9.765 21
-0.052 0.221 9.751 20
-0.193 0.194 9.763 20
-0.294 0.17 9.761 20
-0.349 0.237 9.761 20
-0.382 0.206 9.773 20
-0.452 0.161 9.789 20
-0.55 0.209 9.78 21
-0.576 0.216 9.768 20
-0.567 0.163 9.797 20
-0.595 0.199 9.789 20
-0.55 0.254 9.777 20
-0.509 0.228 9.777 20
-0.492 0.228 9.785 20
-0.507 0.23 9.799 20
-0.512 0.216 9.792 21
-0.421 0.254 9.78 20
-0.284 0.271 9.773 20
-0.191 0.264 9.768 20
-0.176 0.261 9.761 20
-0.14 0.302 9.78 20
-0.014 0.273 9.77 20
0.122 0.264 9.775 20
0.258 0.3 9.782 21
0.337 0.29 9.789 20
0.39 0.266 9.777 20
0.464 0.268 9.78 20
0.594 0.295 9.785 20
0.716 0.288 9.789 20
0.732 0.292 9.813 20
0.723 0.29 9.782 20
0.811 0.266 9.785 21
0.874 0.264 9.828 20
0.893 0.307 9.809 20
0.91 0.312 9.804 20
0.9 0.312 9.801 20
0.886 0.307 9.797 20
0.91 0.3 9.794 20
0.859 0.319 9.804 21
0.802 0.3 9.794 20
0.706 0.254 9.797 20
0.651 0.292 9.801 20
0.649 0.316 9.797 20
0.596 0.276 9.797 20
0.469 0.304 9.813 20
0.342 0.307 9.785 20
0.28 0.211 9.773 21
0.22 0.245 9.765 20
0.139 0.312 9.775 20
0.014 0.211 9.758 20
-0.152 0.178 9.78 20
-0.219 0.283 9.792 20
-0.164 0.259 9.765 20
-0.195 0.194 9.77 21
-0.32 0.235 9.78 20
-0.392 0.242 9.775 20
-0.392 0.194 9.787 20
-0.389 0.223 9.775 20
-0.385 0.264 9.787 20
-0.399 0.218 9.78 20
-0.452 0.233 9.765 20
-0.358 0.283 9.78 21
-0.26 0.225 9.782 20
-0.318 0.209 9.78 20
-0.32 0.273 9.777 20
-0.198 0.264 9.775 20
-0.138 0.221 9.768 20
-0.104 0.288 9.785 20
-0.011 0.304 9.777 21
0.055 0.237 9.773 20
0.134 0.273 9.787 20
0.254 0.316 9.801 20
0.354 0.28 9.775 20
0.349 0.242 9.78 20
0.414 0.297 9.775 20
0.531 0.295 9.787 20
0.572 0.278 9.794 21
0.61 0.29 9.797 20
0.656 0.266 9.785 20
0.675 0.259 9.799 20
0.677 0.3 9.799 20
0.754 0.28 9.787 20
0.752 0.288 9.78 20
0.716 0.309 9.794 20
0.776 0.28 9.799 21
0.713 0.304 9.797 20
0.658 0.321 9.821 20
0.692 0.259 9.797 20
0.68 0.266 9.777 20
0.562 0.316 9.763 20
0.448 0.254 9.782 20
0.354 0.233 9.773 21
0.378 0.312 9.782 20
0.416 0.307 9.785 20
0.304 0.221 9.765 20
0.086 0.266 9.782 20
0.017 0.278 9.792 20
0.053 0.233 9.789 20
0.024 0.257 9.782 20
-0.069 0.259 9.777 21
-0.169 0.201 9.785 20
-0.229 0.24 9.777 20
-0.188 0.273 9.777 20
-0.176 0.252 9.78 20
-0.236 0.247 9.775 20
-0.332 0.266 9.782 20
-0.306 0.252 9.785 20
-0.243 0.273 9.785 21
-0.203 0.24 9.785 20
-0.21 0.235 9.78 20
-0.251 0.283 9.789 20
-0.21 0.264 9.782 20
-0.102 0.237 9.777 20
-0.066 0.259 9.78 20
-0.069 0.264 9.782 20
-0.04 0.235 9.77 21
0.067 0.295 9.763 20
0.177 0.288 9.777 20
0.242 0.216 9.756 20
0.203 0.242 9.77 20
0.261 0.273 9.775 20
0.364 0.254 9.782 20
0.445 0.259 9.78 21
0.488 0.273 9.792 20
0.464 0.257 9.801 20
0.464 0.259 9.804 20
0.608 0.297 9.785 20
0.783 0.314 9.821 20
0.637 0.316 9.816 20
0.577 0.28 9.789 20
0.608 0.194 9.797 21
0.62 0.285 9.773 20
0.644 0.338 9.782 20
0.577 0.192 9.789 20
0.455 0.292 9.794 20
0.464 0.383 9.794 20
0.565 0.249 9.782 20
0.481 0.237 9.775 21
0.359 0.331 9.777 20
0.342 0.278 9.806 20
0.266 0.213 9.777 20
0.203 0.314 9.77 20
0.23 0.24 9.773 20
0.098 0.206 9.789 20
-0.035 0.278 9.773 20
0.009 0.233 9.768 21
0.045 0.199 9.789 20
-0.059 0.276 9.78 20
-0.093 0.247 9.782 20
-0.126 0.204 9.78 20
-0.184 0.3 9.775 20
-0.157 0.292 9.765 20
-0.126 0.221 9.777 20
-0.193 0.254 9.782 21
-0.184 0.264 9.775 20
-0.145 0.23 9.787 20
-0.157 0.249 9.789 20
-0.128 0.276 9.775 20
-0.071 0.242 9.777 20
-0.093 0.254 9.787 20
-0.066 0.257 9.799 20
0.055 0.257 9.789 21
0.1 0.257 9.77 20
0.098 0.271 9.765 20
0.136 0.271 9.785 20
0.208 0.295 9.785 20
0.278 0.295 9.773 20
0.321 0.259 9.787 20
0.34 0.276 9.794 21
0.361 0.295 9.787 20
0.412 0.271 9.789 20
0.493 0.271 9.797 20
0.507 0.271 9.751 20
0.472 0.252 9.785 20
0.39 0.271 9.801 20
0.462 0.254 9.801 20
0.591 0.252 9.773 21
0.574 0.264 9.78 20
0.443 0.223 9.777 20
0.371 0.259 9.794 20
0.488 0.321 9.806 20
0.601 0.283 9.792 20
0.498 0.249 9.777 20
0.29 0.302 9.775 21
0.29 0.285 9.792 20
0.395 0.254 9.794 20
0.395 0.309 9.792 20
0.318 0.28 9.782 20
0.177 0.268 9.801 20
0.103 0.324 9.797 20
0.203 0.326 9.758 20
0.213 0.28 9.765 21
0.057 0.264 9.777 20
0.017 0.273 9.775 20
0.045 0.273 9.765 20
0.036 0.261 9.782 20
0.009 0.223 9.787 20
-0.059 0.264 9.775 20
-0.081 0.276 9.775 20
-0.088 0.221 9.785 21
-0.047 0.283 9.775 20
-0.021 0.276 9.775 20
-0.03 0.199 9.775 20
-0.071 0.264 9.792 20
-0.047 0.28 9.789 20
0.045 0.23 9.792 20
0.062 0.242 9.782 21
0.0 0.276 9.782 20
0.041 0.268 9.78 20
0.141 0.225 9.77 20
0.155 0.261 9.765 20
0.096 0.264 9.773 20
0.086 0.242 9.787 20
0.239 0.28 9.792 20
0.402 0.324 9.816 21
0.383 0.3 9.78 20
0.239 0.259 9.773 20
0.218 0.304 9.773 20
0.366 0.326 9.782 20
0.488 0.276 9.789 20
0.467 0.276 9.78 20
0.354 0.304 9.785 20
0.285 0.288 9.78 21
0.342 0.273 9.777 20
0.517 0.314 9.78 20
0.56 0.283 9.801 20
0.39 0.235 9.801 20
0.302 0.273 9.782 20
0.388 0.297 9.78 20
0.479 0.259 9.763 20
0.431 0.257 9.782 21
0.311 0.257 9.797 20
0.256 0.264 9.775 20
0.275 0.268 9.799 20
0.357 0.257 9.765 20
0.285 0.216 9.785 20
0.139 0.245 9.792 20
0.122 0.285 9.782 21
0.184 0.264 9.775 20
0.184 0.23 9.789 20
0.091 0.24 9.782 20
0.029 0.273 9.775 20
0.026 0.288 9.763 20
0.064 0.245 9.775 20
0.079 0.271 9.785 20
0.002 0.302 9.775 21
-0.052 0.247 9.782 20
-0.006 0.257 9.785 20
0.048 0.324 9.797 20
0.057 0.257 9.787 20
-0.016 0.218 9.775 20
-0.023 0.3 9.792 20
0.043 0.295 9.785 21
0.098 0.233 9.777 20
0.072 0.252 9.792 20
0.093 0.268 9.773 20
0.124 0.261 9.789 20
0.132 0.254 9.782 20
0.165 0.268 9.782 20
0.194 0.259 9.785 20
0.201 0.24 9.782 21
0.223 0.28 9.777 20
0.273 0.276 9.773 20
0.282 0.23 9.804 20
0.299 0.237 9.792 20
0.325 0.28 9.768 20
0.34 0.271 9.789 20
0.366 0.257 9.789 21
0.381 0.276 9.77 20
0.385 0.276 9.794 20
0.393 0.266 9.801 20
0.395 0.28 9.804 20
0.349 0.3 9.785 20
0.361 0.268 9.797 20
0.366 0.259 9.787 20
0.373 0.297 9.777 21
0.347 0.309 9.782 20
0.311 0.271 9.787 20
0.278 0.264 9.782 20
0.302 0.297 9.78 20
0.285 0.304 9.799 20
0.251 0.268 9.789 20
0.223 0.271 9.77 20
0.177 0.3 9.78 21
0.177 0.292 9.785 20
0.179 0.273 9.777 20
0.127 0.247 9.787 20
0.096 0.259 9.78 20
0.088 0.28 9.773 20
0.1 0.271 9.77 20
0.081 0.252 9.782 21
0.055 0.261 9.773 20
0.062 0.242 9.773 20
0.076 0.257 9.785 20
0.086 0.245 9.775 20
0.069 0.228 9.763 20
0.019 0.261 9.768 20
0.026 0.28 9.773 20
0.086 0.233 9.785 21
0.105 0.249 9.758 20
0.088 0.28 9.775 20
0.139 0.242 9.806 20
0.115 0.29 9.777 20
0.201 0.211 9.792 20
0.167 0.29 9.792 20
0.177 0.312 9.787 21
0.215 0.209 9.799 20
0.179 0.285 9.775 20
0.261 0.333 9.787 20
0.285 0.228 9.797 20
0.285 0.237 9.789 20
0.292 0.34 9.775 20
0.333 0.28 9.787 20
0.27 0.233 9.77 21
0.345 0.309 9.811 20
0.369 0.326 9.794 20
0.373 0.285 9.763 20
0.321 0.204 9.756 20
0.29 0.264 9.816 20
0.297 0.367 9.811 20
0.397 0.276 9.753 20
0.376 0.166 9.775 21
0.234 0.386 9.787 20
0.29 0.302 9.78 20
0.345 0.161 9.785 20
0.302 0.355 9.775 20
0.302 0.343 9.789 20
0.254 0.204 9.794 20
0.182 0.3 9.789 21
0.275 0.35 9.787 20
0.29 0.254 9.794 20
0.136 0.252 9.782 20
0.153 0.333 9.806 20
0.251 0.304 9.789 20
0.167 0.233 9.777 20
0.136 0.271 9.775 20
0.124 0.309 9.77 21
0.103 0.3 9.785 20
0.155 0.233 9.794 20
0.184 0.278 9.78 20
0.105 0.276 9.78 20
0.048 0.221 9.787 20
0.115 0.271 9.789 20
0.163 0.333 9.789 21
0.151 0.225 9.777 20
0.103 0.194 9.785 20
0.093 0.302 9.77 20
0.127 0.261 9.794 20
0.177 0.218 9.799 20
0.182 0.292 9.78 20
0.153 0.285 9.782 20
0.141 0.206 9.782 21
0.179 0.278 9.797 20
0.266 0.336 9.777 20
0.256 0.254 9.785 20
0.203 0.29 9.785 20
0.218 0.348 9.789 20
0.306 0.259 9.775 20
0.251 0.233 9.792 20
0.239 0.302 9.799 21
0.292 0.338 9.789 20
0.328 0.278 9.777 20
0.29 0.271 9.765 20
0.237 0.352 9.773 20
0.254 0.276 9.782 20
0.352 0.24 9.768 20
0.366 0.314 9.797 21
0.309 0.34 9.799 20
0.211 0.278 9.761 20
0.244 0.29 9.787 20
0.359 0.345 9.789 20
0.347 0.257 9.797 20
0.244 0.242 9.782 20
0.199 0.273 9.775 20
0.251 0.285 9.792 21
0.292 0.292 9.782 20
0.29 0.257 9.777 20
0.208 0.257 9.785 20
0.151 0.268 9.77 20
0.218 0.259 9.794 20
0.282 0.273 9.78 20
0.199 0.268 9.801 21
0.112 0.228 9.799 20
0.117 0.259 9.789 20
0.16 0.271 9.801 20
0.223 0.261 9.785 20
0.187 0.257 9.789 20
0.103 0.285 9.777 20
0.127 0.288 9.78 20
0.177 0.264 9.777 21
0.167 0.295 9.78 20
0.132 0.307 9.77 20
0.12 0.264 9.789 20
0.134 0.302 9.777 20
0.201 0.345 9.78 20
0.22 0.278 9.78 20
0.141 0.266 9.785 21
0.136 0.309 9.789 20
0.194 0.271 9.787 20
0.227 0.264 9.787 20
0.232 0.3 9.799 20
0.232 0.259 9.785 20
0.215 0.268 9.787 20
0.242 0.326 9.782 20
0.342 0.292 9.732 21
0.234 0.166 9.746 20
0.033 0.223 9.794 20
0.306 0.364 9.773 20
0.45 0.235 9.792 20
0.316 0.209 9.777 20
0.141 0.29 9.806 20
0.211 0.249 9.787 20
0.34 0.235 9.765 21
0.409 0.29 9.78 20
0.323 0.271 9.78 20
0.127 0.23 9.787 20
0.158 0.254 9.792 20
0.369 0.304 9.787 20
0.354 0.297 9.787 20
0.203 0.254 9.768 21
0.153 0.285 9.78 20
0.179 0.319 9.801 20
0.27 0.292 9.797 20
0.306 0.266 9.785 20
0.182 0.309 9.801 20
0.098 0.302 9.794 20
0.184 0.271 9.775 20
0.244 0.297 9.78 21
0.184 0.285 9.792 20
0.115 0.242 9.792 20
0.132 0.288 9.785 20
0.182 0.307 9.787 20
0.196 0.233 9.789 20
0.115 0.252 9.78 20
0.091 0.273 9.797 20
0.158 0.245 9.794 21
0.203 0.273 9.78 20
0.203 0.285 9.77 20
0.151 0.223 9.775 20
0.115 0.254 9.797 20
0.191 0.309 9.775 20
0.273 0.276 9.77 20
0.208 0.257 9.77 21
0.17 0.268 9.785 20
0.201 0.264 9.785 20
0.232 0.261 9.804 20
0.268 0.285 9.792 20
0.239 0.278 9.782 20
0.163 0.29 9.794 20
0.167 0.297 9.787 20
0.268 0.29 9.782 21
0.282 0.29 9.782 20
0.254 0.257 9.794 20

# Completed @Tue Aug 01 10:04:32 GMT+08:00 2017
