0.017 0.544 9.667 0
-0.009 0.687 9.914 20
0.141 0.359 9.785 20
0.105 0.424 9.603 20
0.024 0.711 9.844 20
0.086 0.45 9.909 20
0.053 0.295 9.588 20
0.026 0.642 9.734 20
0.103 0.589 9.967 21
0.148 0.273 9.672 20
-0.014 0.395 9.658 20
0.069 0.683 9.873 20
0.112 0.498 9.847 20
0.06 0.35 9.646 20
-0.033 0.503 9.785 20
0.043 0.697 9.866 20
0.103 0.415 9.742 21
0.115 0.379 9.722 20
0.024 0.597 9.782 20
0.029 0.647 9.799 20
0.086 0.312 9.799 20
-0.009 0.525 9.646 20
0.081 0.695 9.828 20
0.031 0.484 9.876 20
0.057 0.374 9.61 21
0.0 0.508 9.789 20
0.076 0.585 9.888 20
0.021 0.427 9.696 20
0.026 0.424 9.698 20
0.021 0.537 9.854 20
0.031 0.503 9.792 20
0.024 0.419 9.708 20
0.024 0.443 9.799 21
0.031 0.517 9.797 20
0.007 0.434 9.739 20
0.019 0.415 9.77 20
-0.004 0.503 9.761 20
-0.004 0.496 9.813 20
0.026 0.407 9.753 20
0.026 0.422 9.744 21
0.005 0.534 9.799 20
-0.014 0.482 9.78 20
0.026 0.417 9.739 20
0.005 0.486 9.773 20
0.002 0.52 9.801 20
0.005 0.427 9.765 20
0.029 0.446 9.739 20
0.005 0.539 9.789 21
0.045 0.491 9.777 20
0.029 0.431 9.727 20
0.041 0.496 9.765 20
-0.004 0.537 9.813 20
0.053 0.46 9.753 20
0.053 0.472 9.732 20
0.048 0.52 9.804 20
0.031 0.506 9.782 21
0.048 0.462 9.742 20
0.053 0.501 9.789 20
0.069 0.508 9.782 20
0.069 0.482 9.756 20
0.048 0.472 9.773 20
0.041 0.506 9.773 20
0.072 0.501 9.777 21
0.064 0.467 9.761 20
0.062 0.498 9.78 20
0.057 0.508 9.768 20
0.05 0.496 9.765 20
0.062 0.503 9.751 20
0.074 0.503 9.768 20
0.067 0.486 9.792 20
0.048 0.489 9.773 21
0.048 0.506 9.765 20
0.055 0.506 9.782 20
0.055 0.491 9.773 20
0.055 0.486 9.785 20
0.057 0.506 9.787 20
0.05 0.506 9.775 20
0.048 0.494 9.782 20
0.057 0.489 9.775 21
0.048 0.508 9.758 20
0.036 0.501 9.777 20
0.06 0.491 9.775 20
0.06 0.474 9.768 20
0.045 0.494 9.756 20
0.05 0.486 9.794 20
0.041 0.474 9.77 20
0.045 0.491 9.775 21
0.038 0.479 9.78 20
0.048 0.479 9.773 20
0.041 0.47 9.782 20
0.031 0.479 9.78 20
0.048 0.474 9.761 20
0.038 0.455 9.765 20
0.021 0.47 9.782 21
0.041 0.479 9.787 20
0.036 0.482 9.761 20
0.036 0.474 9.761 20
0.024 0.465 9.773 20
0.041 0.479 9.768 20
0.045 0.47 9.775 20
0.036 0.477 9.77 20
0.053 0.47 9.78 21
0.038 0.474 9.765 20
0.041 0.484 9.782 20
0.043 0.486 9.773 20
0.06 0.479 9.777 20
0.045 0.484 9.777 20
0.043 0.491 9.763 20
0.045 0.491 9.775 21
0.05 0.482 9.789 20
0.045 0.501 9.775 20
0.033 0.482 9.777 20
0.048 0.489 9.77 20
0.057 0.494 9.749 20
0.05 0.496 9.765 20
0.05 0.517 9.777 20
0.043 0.51 9.77 21
0.041 0.477 9.761 20
0.041 0.515 9.765 20
0.038 0.498 9.763 20
0.048 0.482 9.753 20
0.06 0.494 9.775 20
0.053 0.491 9.77 20
0.057 0.484 9.773 20
0.048 0.47 9.756 21
0.038 0.489 9.761 20
0.033 0.496 9.787 20
0.045 0.479 9.77 20
0.05 0.491 9.773 20
0.045 0.489 9.773 20
0.038 0.477 9.765 20
0.053 0.479 9.758 21
0.033 0.477 9.763 20
0.038 0.489 9.768 20
0.038 0.465 9.773 20
0.043 0.479 9.782 20
0.038 0.491 9.768 20
0.038 0.477 9.758 20
0.021 0.486 9.763 20
0.045 0.482 9.777 21
0.053 0.465 9.775 20
0.048 0.474 9.785 20
0.033 0.484 9.794 20
0.043 0.494 9.782 20
0.048 0.486 9.775 20
0.043 0.484 9.782 20
0.038 0.474 9.782 20
0.033 0.474 9.78 21
0.05 0.474 9.768 20
0.06 0.489 9.78 20
0.064 0.486 9.777 20
0.045 0.472 9.78 20
0.043 0.494 9.761 20
0.062 0.482 9.77 20
0.055 0.501 9.751 21
0.045 0.479 9.78 20
0.029 0.525 9.773 20
0.06 0.496 9.811 20
0.053 0.462 9.792 20
0.043 0.491 9.761 20
0.041 0.508 9.816 20
0.057 0.494 9.777 20
0.067 0.474 9.756 21
0.064 0.501 9.785 20
0.043 0.501 9.78 20
0.05 0.479 9.782 20
0.048 0.498 9.753 20
0.06 0.527 9.775 20
0.11 0.472 9.797 20
-0.023 0.398 9.739 20
-0.023 0.541 9.753 21
0.105 0.541 9.794 20
0.155 0.412 9.758 20
-0.004 0.434 9.782 20
-0.188 0.527 9.883 20
-0.057 0.52 9.847 20
0.098 0.448 9.832 20
0.189 0.391 9.718 21
-0.112 0.699 9.555 20
0.019 0.632 9.99 20
0.445 0.575 9.394 20
0.63 0.747 9.785 20
0.706 0.731 10.053 20
0.567 0.927 9.136 20
0.515 0.709 10.149 20
1.369 0.697 9.713 21
1.13 1.025 8.86 20
1.319 0.867 10.311 20
1.477 0.477 10.218 20
2.006 1.051 8.925 20
1.561 0.984 10.213 20
2.021 0.501 10.137 20
2.253 0.838 9.141 20
1.697 1.066 10.043 21
2.258 0.958 10.352 20
1.774 0.592 9.464 20
1.944 1.157 10.084 20
1.307 1.011 10.278 20
1.961 0.709 9.081 20
1.736 -0.169 10.615 20
2.526 -0.001 9.868 21
1.997 0.388 9.545 20
2.181 -0.262 10.556 20
1.925 0.233 10.055 20
2.349 -0.207 9.186 20
1.183 0.391 10.766 20
1.69 0.63 8.887 20
1.587 0.357 10.386 20
1.041 1.037 10.512 21
1.444 1.049 8.961 20
0.661 0.616 10.113 20
0.807 0.771 9.564 20
1.001 1.095 9.703 20
1.41 0.841 10.357 20
1.446 1.114 8.525 20
-0.449 1.667 8.544 20
-1.381 -0.315 10.484 21
-2.951 -0.284 8.3 20
-0.875 1.269 9.145 20
-0.377 1.133 9.933 20
-0.543 -0.293 9.028 20
-2.518 -0.468 8.341 20
-3.586 0.544 10.699 20
-3.765 0.34 10.481 21
-2.192 -0.082 9.179 20
-1.512 0.036 9.198 20
-2.341 -0.269 10.081 20
-3.693 -0.664 10.043 20
-3.657 -0.226 10.455 20
-3.227 0.18 10.441 20
-2.714 -0.291 9.627 20
-2.511 -0.65 9.516 21
-2.815 -0.477 10.441 20
-3.449 -0.2 10.673 20
-3.236 -0.135 10.041 20
-2.726 -0.281 9.746 20
-2.618 -0.248 9.9 20
-2.69 -0.128 10.261 20
-2.707 -0.171 10.326 20
-2.724 -0.209 9.914 21
-2.544 -0.109 9.641 20
-2.185 -0.059 9.792 20
-1.991 -0.171 9.871 20
-1.948 -0.116 9.825 20
-1.797 -0.006 9.727 20
-1.498 -0.133 9.514 20
-1.17 -0.054 9.378 21
-0.933 0.192 9.459 20
-0.739 0.178 9.56 20
-0.531 0.063 9.251 20
-0.274 0.283 9.375 20
0.074 0.443 9.416 20
0.34 0.415 9.354 20
0.455 0.436 9.318 20
0.457 0.604 9.373 21
0.776 0.635 9.375 20
1.283 0.661 9.382 20
1.719 0.776 9.552 20
1.75 0.805 9.648 20
1.664 0.699 9.528 20
1.827 0.731 9.579 20
2.15 0.879 9.727 20
2.689 0.932 9.983 21
2.859 0.743 9.967 20
2.473 0.781 9.756 20
2.353 0.97 9.861 20
2.614 0.944 10.041 20
2.99 0.879 10.079 20
2.971 0.939 10.235 20
2.633 0.922 10.096 21
2.401 0.819 9.876 20
2.478 0.893 10.005 20
2.756 0.857 10.22 20
2.94 0.769 10.17 20
2.727 0.776 10.108 20
2.329 0.738 9.981 20
2.363 0.616 9.928 20
2.509 0.664 10.07 21
2.521 0.728 10.115 20
2.274 0.656 9.952 20
1.889 0.618 9.775 20
1.748 0.687 9.761 20
1.774 0.69 9.751 20
1.805 0.628 9.799 20
1.554 0.604 9.708 20
1.113 0.553 9.586 21
0.835 0.467 9.509 20
0.771 0.438 9.536 20
0.768 0.467 9.56 20
0.591 0.496 9.567 20
0.287 0.393 9.521 20
-0.047 0.324 9.488 20
-0.274 0.321 9.507 21
-0.356 0.388 9.519 20
-0.466 0.316 9.591 20
-0.619 0.266 9.538 20
-0.794 0.35 9.6 20
-1.026 0.379 9.684 20
-1.153 0.233 9.646 20
-1.189 0.149 9.617 20
-1.158 0.228 9.744 21
-1.27 0.292 9.742 20
-1.455 0.225 9.706 20
-1.57 0.168 9.78 20
-1.606 0.216 9.83 20
-1.579 0.18 9.818 20
-1.57 0.103 9.849 20
-1.687 0.166 9.861 20
-1.855 0.245 9.907 21
-1.859 0.158 9.943 20
-1.756 0.043 9.885 20
-1.701 0.127 9.878 20
-1.721 0.199 9.914 20
-1.79 0.185 9.9 20
-1.788 0.223 9.897 20
-1.687 0.218 9.885 21
-1.534 0.175 9.847 20
-1.414 0.201 9.806 20
-1.393 0.295 9.816 20
-1.316 0.302 9.811 20
-1.191 0.235 9.751 20
-1.012 0.273 9.744 20
-0.873 0.314 9.725 20
-0.818 0.321 9.655 21
-0.698 0.34 9.655 20
-0.586 0.4 9.706 20
-0.437 0.395 9.646 20
-0.255 0.367 9.617 20
-0.128 0.4 9.595 20
0.009 0.458 9.634 20
0.203 0.465 9.624 20
0.383 0.386 9.6 21
0.531 0.427 9.622 20
0.586 0.482 9.639 20
0.725 0.496 9.639 20
0.95 0.494 9.674 20
1.166 0.513 9.672 20
1.259 0.549 9.737 20
1.302 0.494 9.751 20
1.293 0.486 9.744 21
1.355 0.544 9.77 20
1.532 0.58 9.837 20
1.618 0.568 9.859 20
1.594 0.573 9.844 20
1.551 0.628 9.832 20
1.597 0.625 9.871 20
1.721 0.594 9.888 21
1.803 0.623 9.94 20
1.793 0.659 9.938 20
1.728 0.632 9.923 20
1.678 0.599 9.904 20
1.69 0.666 9.914 20
1.733 0.692 9.935 20
1.676 0.661 9.95 20
1.556 0.664 9.842 21
1.491 0.671 9.856 20
1.499 0.644 9.854 20
1.465 0.656 9.849 20
1.343 0.68 9.856 20
1.233 0.644 9.823 20
1.123 0.632 9.732 20
1.01 0.625 9.763 20
0.893 0.616 9.753 21
0.811 0.606 9.71 20
0.67 0.575 9.734 20
0.553 0.565 9.696 20
0.495 0.546 9.682 20
0.352 0.525 9.686 20
0.17 0.474 9.698 20
0.038 0.46 9.67 21
0.005 0.436 9.713 20
-0.155 0.393 9.643 20
-0.306 0.336 9.694 20
-0.423 0.374 9.71 20
-0.461 0.41 9.701 20
-0.48 0.386 9.715 20
-0.461 0.359 9.71 20
-0.533 0.355 9.727 21
-0.634 0.345 9.773 20
-0.667 0.264 9.765 20
-0.665 0.259 9.73 20
-0.672 0.34 9.775 20
-0.689 0.307 9.794 20
-0.756 0.213 9.768 20
-0.811 0.247 9.773 20
-0.842 0.268 9.832 21
-0.849 0.197 9.801 20
-0.921 0.204 9.785 20
-0.921 0.403 9.799 20
-0.84 0.307 9.856 20
-0.808 0.084 9.794 20
-0.926 0.288 9.763 20
-0.904 0.412 9.856 20
-0.768 0.242 9.825 21
-0.727 0.273 9.686 20
-0.732 0.458 9.837 20
-0.734 0.333 9.847 20
-0.698 0.204 9.682 20
-0.607 0.453 9.782 20
-0.516 0.503 9.842 20
-0.452 0.283 9.718 21
-0.444 0.424 9.677 20
-0.389 0.537 9.835 20
-0.243 0.427 9.742 20
-0.124 0.422 9.615 20
-0.076 0.541 9.782 20
-0.057 0.517 9.727 20
0.069 0.462 9.646 20
0.122 0.482 9.775 21
0.223 0.549 9.706 20
0.409 0.553 9.718 20
0.503 0.532 9.756 20
0.529 0.556 9.753 20
0.572 0.565 9.722 20
0.689 0.534 9.792 20
0.74 0.58 9.746 20
0.819 0.608 9.792 21
0.85 0.498 9.825 20
0.847 0.472 9.71 20
0.845 0.556 9.806 20
0.965 0.513 9.83 20
1.02 0.419 9.744 20
0.998 0.486 9.809 20
1.022 0.541 9.878 21
1.07 0.46 9.787 20
1.034 0.482 9.792 20
1.046 0.551 9.854 20
1.096 0.549 9.83 20
1.099 0.484 9.821 20
1.001 0.539 9.84 20
0.953 0.565 9.809 20
0.977 0.517 9.825 21
0.958 0.544 9.806 20
0.91 0.57 9.804 20
0.902 0.51 9.823 20
0.847 0.527 9.789 20
0.788 0.551 9.777 20
0.747 0.517 9.804 20
0.706 0.51 9.782 21
0.627 0.534 9.777 20
0.57 0.496 9.777 20
0.5 0.494 9.737 20
0.407 0.496 9.765 20
0.357 0.479 9.768 20
0.306 0.441 9.746 20
0.242 0.458 9.739 20
0.143 0.472 9.756 21
0.033 0.427 9.739 20
-0.045 0.422 9.739 20
-0.109 0.441 9.782 20
-0.167 0.429 9.751 20
-0.195 0.419 9.742 20
-0.236 0.407 9.737 20
-0.272 0.419 9.756 21
-0.282 0.403 9.746 20
-0.291 0.403 9.763 20
-0.258 0.403 9.758 20
-0.258 0.388 9.777 20
-0.263 0.403 9.763 20
-0.313 0.398 9.782 20
-0.32 0.371 9.797 20
-0.334 0.369 9.761 21
-0.318 0.381 9.787 20
-0.339 0.391 9.768 20
-0.363 0.383 9.756 20
-0.38 0.367 9.804 20
-0.37 0.376 9.775 20
-0.358 0.4 9.77 20
-0.334 0.403 9.78 20
-0.358 0.405 9.775 21
-0.368 0.424 9.773 20
-0.313 0.424 9.777 20
-0.277 0.4 9.765 20
-0.289 0.407 9.77 20
-0.282 0.412 9.768 20
-0.227 0.412 9.775 20
-0.198 0.395 9.758 20
-0.164 0.407 9.768 21
-0.131 0.417 9.782 20
-0.095 0.388 9.749 20
-0.064 0.405 9.753 20
0.017 0.436 9.794 20
0.084 0.41 9.78 20
0.134 0.388 9.756 20
0.134 0.41 9.775 21
0.187 0.446 9.773 20
0.263 0.407 9.768 20
0.33 0.407 9.753 20
0.371 0.443 9.758 20
0.376 0.446 9.777 20
0.424 0.434 9.77 20
0.467 0.458 9.777 20
0.51 0.477 9.789 21
0.498 0.462 9.773 20
0.476 0.486 9.777 20
0.5 0.51 9.785 20
0.522 0.491 9.787 20
0.57 0.501 9.763 20
0.56 0.513 9.787 20
0.56 0.501 9.794 21
0.574 0.501 9.78 20
0.598 0.534 9.809 20
0.618 0.506 9.797 20
0.594 0.498 9.773 20
0.567 0.544 9.804 20
0.586 0.515 9.799 20
0.606 0.486 9.768 20
0.548 0.515 9.794 21
0.531 0.522 9.801 20
0.527 0.489 9.787 20
0.519 0.482 9.78 20
0.491 0.506 9.78 20
0.469 0.489 9.782 20
0.436 0.441 9.794 20
0.404 0.46 9.758 21
0.39 0.489 9.773 20
0.409 0.46 9.782 20
0.364 0.446 9.744 20
0.268 0.443 9.763 20
0.234 0.462 9.768 20
0.246 0.441 9.777 20
0.239 0.441 9.782 20
0.179 0.46 9.78 21
0.105 0.419 9.761 20
0.057 0.398 9.765 20
0.043 0.412 9.777 20
0.041 0.417 9.758 20
-0.016 0.438 9.749 20
-0.069 0.417 9.789 20
-0.093 0.405 9.761 20
-0.054 0.419 9.761 21
-0.011 0.429 9.756 20
-0.025 0.422 9.789 20
-0.061 0.419 9.785 20
-0.028 0.415 9.775 20
-0.042 0.45 9.775 20
-0.028 0.427 9.77 20
-0.126 0.415 9.799 21
-0.157 0.467 9.753 20
-0.085 0.436 9.811 20
0.026 0.29 9.739 20
0.033 0.369 9.737 20
-0.052 0.549 9.852 20
-0.071 0.403 9.761 20
-0.061 0.338 9.722 20
-0.083 0.57 9.804 21
-0.054 0.558 9.83 20
-0.023 0.381 9.734 20
-0.095 0.479 9.753 20
-0.035 0.561 9.844 20
0.069 0.412 9.753 20
0.057 0.367 9.727 20
0.002 0.46 9.809 20
0.069 0.427 9.792 21
0.076 0.352 9.746 20
0.091 0.422 9.758 20
0.084 0.443 9.794 20
0.098 0.379 9.746 20
0.076 0.391 9.77 20
0.115 0.419 9.789 20
0.199 0.403 9.775 21
0.234 0.395 9.765 20
0.16 0.393 9.761 20
0.189 0.407 9.763 20
0.244 0.393 9.792 20
0.29 0.419 9.765 20
0.311 0.388 9.765 20
0.256 0.391 9.77 20
0.215 0.455 9.785 21
0.203 0.458 9.782 20
0.285 0.429 9.749 20
0.275 0.467 9.782 20
0.246 0.501 9.765 20
0.251 0.441 9.77 20
0.273 0.403 9.797 20
0.299 0.522 9.756 20
0.309 0.541 9.806 21
0.345 0.424 9.799 20
0.297 0.434 9.727 20
0.294 0.551 9.777 20
0.325 0.434 9.806 20
0.318 0.429 9.708 20
0.318 0.58 9.811 20
0.325 0.446 9.864 21
0.357 0.319 9.677 20
0.28 0.438 9.787 20
0.33 0.522 9.828 20
0.388 0.371 9.73 20
0.263 0.326 9.799 20
0.187 0.587 9.777 20
0.373 0.534 9.849 20
0.414 0.233 9.806 21
0.244 0.438 9.66 20
0.172 0.64 9.868 20
0.268 0.336 9.835 20
0.244 0.29 9.624 20
0.215 0.592 9.849 20
0.278 0.517 9.921 20
0.249 0.312 9.684 20
0.129 0.455 9.71 21
0.086 0.522 9.878 20
0.079 0.508 9.67 20
-0.042 0.453 9.756 20
0.117 0.522 9.921 20
0.273 0.498 9.588 20
0.112 0.462 9.777 20
0.007 0.412 9.734 20
0.057 0.491 9.785 21
0.179 0.58 9.943 20
0.201 0.441 9.662 20
0.191 0.417 9.715 20
0.108 0.52 9.904 20
0.045 0.482 9.732 20
0.134 0.398 9.696 20
0.234 0.431 9.825 21
0.163 0.474 9.782 20
0.076 0.41 9.732 20
0.076 0.369 9.775 20
0.112 0.436 9.777 20
0.139 0.446 9.787 20
0.167 0.357 9.785 20
0.103 0.35 9.758 20
0.036 0.417 9.797 21
0.084 0.407 9.787 20
0.153 0.359 9.744 20
0.134 0.405 9.794 20
0.088 0.407 9.809 20
0.081 0.388 9.753 20
0.103 0.398 9.765 20
0.117 0.441 9.787 20
0.117 0.412 9.773 21
0.098 0.398 9.763 20
0.093 0.458 9.773 20
0.108 0.46 9.78 20
0.143 0.436 9.763 20
0.129 0.458 9.773 20
0.115 0.472 9.777 20
0.124 0.443 9.765 20
0.146 0.453 9.761 21
0.143 0.482 9.775 20
0.148 0.477 9.782 20
0.146 0.448 9.749 20
0.148 0.455 9.763 20
0.16 0.482 9.78 20
0.179 0.45 9.787 20
0.177 0.453 9.789 21
0.141 0.482 9.787 20
0.163 0.46 9.789 20
0.182 0.438 9.768 20
0.189 0.46 9.768 20
0.182 0.441 9.782 20
0.194 0.427 9.768 20
0.179 0.446 9.773 20
0.199 0.45 9.785 21
0.211 0.436 9.765 20
0.223 0.412 9.753 20
0.203 0.431 9.761 20
0.206 0.441 9.789 20
0.22 0.427 9.789 20
0.23 0.422 9.785 20
0.215 0.446 9.792 20
0.215 0.427 9.768 21
0.225 0.436 9.892 20
0.22 0.391 9.622 20
0.249 0.431 9.746 20
0.215 0.47 9.84 20
0.22 0.474 9.818 20
0.22 0.45 9.746 20
0.242 0.443 9.763 20
0.227 0.462 9.823 21
0.22 0.455 9.734 20
0.208 0.45 9.749 20
0.211 0.458 9.799 20
0.213 0.479 9.765 20

# Completed @Tue Aug 01 10:29:52 GMT+08:00 2017
