0.067 0.376 9.751 0
0.067 0.352 9.768 20
0.064 0.367 9.794 20
0.062 0.35 9.756 20
0.055 0.359 9.768 20
0.062 0.364 9.775 20
0.048 0.352 9.751 20
0.048 0.362 9.782 20
0.064 0.343 9.782 21
0.055 0.34 9.765 20
0.038 0.355 9.785 20
0.05 0.35 9.765 20
0.062 0.348 9.782 20
0.053 0.364 9.789 20
0.041 0.362 9.78 20
0.045 0.359 9.763 21
0.055 0.357 9.763 20
0.057 0.355 9.77 20
0.043 0.345 9.758 20
0.048 0.345 9.78 20
0.05 0.345 9.775 20
0.043 0.357 9.773 20
0.036 0.338 9.761 20
0.048 0.331 9.761 21
0.033 0.343 9.761 20
0.057 0.336 9.758 20
0.043 0.34 9.765 20
0.041 0.319 9.761 20
0.031 0.321 9.765 20
0.038 0.321 9.77 20
0.033 0.321 9.782 21
0.026 0.328 9.768 20
0.021 0.328 9.761 20
0.021 0.324 9.78 20
0.029 0.316 9.768 20
0.017 0.331 9.753 20
0.012 0.321 9.756 20
0.021 0.345 9.78 21
0.026 0.338 9.777 20
0.021 0.338 9.753 20
0.031 0.362 9.768 20
0.014 0.355 9.761 20
0.017 0.352 9.763 20
0.021 0.367 9.773 20
0.024 0.352 9.761 21
0.031 0.357 9.746 20
0.031 0.348 9.768 20
0.021 0.359 9.77 20
0.031 0.362 9.751 20
0.033 0.379 9.765 20
0.033 0.371 9.763 20
0.06 0.345 9.765 20
0.043 0.35 9.785 21
0.033 0.345 9.765 20
0.033 0.338 9.792 20
0.031 0.359 9.773 20
0.036 0.345 9.763 20
0.045 0.343 9.775 20
0.038 0.338 9.765 20
0.038 0.345 9.753 21
0.055 0.345 9.768 20
0.048 0.352 9.794 20
0.053 0.367 9.765 20
0.064 0.348 9.773 20
0.053 0.355 9.768 20
0.06 0.357 9.799 20
0.033 0.362 9.773 21
0.057 0.314 9.734 20
0.084 0.352 9.871 20
-0.037 0.453 9.689 20
0.064 0.209 9.844 20
0.251 0.082 9.706 20
0.036 0.534 9.782 20
-0.234 0.541 10.046 20
-0.298 -0.006 9.624 21
0.021 0.0 9.782 20
0.297 0.446 9.825 20
0.428 0.398 9.648 20
0.225 -0.037 9.923 20
0.184 0.472 9.44 20
0.223 0.683 9.607 20
0.946 0.149 9.825 21
0.823 0.388 9.756 20
0.603 1.264 9.562 20
1.163 0.357 10.139 20
1.202 0.376 8.554 20
0.986 1.202 10.086 20
1.142 1.047 10.453 20
2.085 0.695 8.607 21
1.4 0.984 10.551 20
0.728 1.662 9.933 20
2.052 0.747 9.466 20
1.302 0.644 9.306 20
1.755 1.015 10.637 20
2.052 0.845 9.169 20
1.836 0.781 10.328 20
1.178 0.537 10.029 21
1.798 0.731 8.971 20
1.556 0.616 10.405 20
1.819 0.436 10.228 20
2.044 0.766 8.518 20
1.515 0.697 11.463 20
1.092 0.85 9.818 20
2.109 0.237 9.387 21
2.085 0.297 9.33 20
1.81 0.443 11.602 20
2.43 1.042 9.473 20
2.42 0.101 10.51 20
1.171 0.424 9.895 20
1.767 0.81 10.931 20
3.067 0.297 9.093 21
1.891 0.211 10.383 20
-0.069 2.117 9.071 20
-0.14 -0.671 10.692 20
-0.533 -2.211 6.284 20
-0.308 0.477 9.308 20
0.084 1.703 11.355 20
0.316 -1.078 8.406 20
-0.974 -1.351 7.738 21
-2.041 0.51 11.027 20
-1.85 0.252 9.327 20
-1.057 -0.604 8.609 20
-0.648 -0.284 10.007 20
-1.053 -0.13 9.248 20
-1.845 -0.487 9.67 20
-2.317 -0.451 10.122 21
-1.824 -0.24 9.327 20
-1.474 -0.049 9.71 20
-1.625 -0.521 9.672 20
-1.864 -0.669 9.66 20
-2.278 -0.001 10.323 20
-2.69 0.254 10.022 20
-2.64 0.108 9.655 21
-2.367 -0.018 9.914 20
-2.489 -0.063 10.055 20
-2.707 0.063 10.29 20
-2.805 0.225 10.079 20
-3.006 0.309 9.959 20
-3.124 0.209 10.086 20
-2.946 0.024 10.096 21
-2.743 0.156 10.158 20
-2.736 0.393 10.093 20
-2.776 0.312 9.789 20
-2.748 0.168 9.967 20
-2.594 0.166 10.07 20
-2.168 0.225 9.962 20
-1.819 0.218 9.773 20
-1.713 0.201 9.653 21
-1.709 0.23 9.703 20
-1.608 0.204 9.734 20
-1.361 0.173 9.629 20
-0.978 0.28 9.545 20
-0.71 0.393 9.497 20
-0.619 0.307 9.433 20
-0.641 0.266 9.373 21
-0.519 0.333 9.473 20
-0.267 0.412 9.385 20
0.136 0.391 9.442 20
0.445 0.266 9.38 20
0.402 0.29 9.428 20
0.309 0.264 9.531 20
0.472 0.122 9.32 21
0.737 0.127 9.416 20
0.984 0.242 9.519 20
1.197 0.197 9.552 20
1.228 0.134 9.624 20
1.072 0.144 9.519 20
1.163 0.273 9.581 20
1.422 0.312 9.629 21
1.681 0.24 9.825 20
1.901 0.197 9.727 20
1.839 0.252 9.708 20
1.788 0.314 9.84 20
2.004 0.312 9.804 20
2.214 0.343 9.83 20
2.399 0.371 10.06 20
2.463 0.359 9.981 21
2.267 0.529 9.916 20
2.193 0.599 10.012 20
2.461 0.462 9.974 20
2.624 0.503 10.043 20
2.566 0.654 10.184 20
2.49 0.668 10.105 20
2.392 0.673 9.99 21
2.327 0.68 10.036 20
2.43 0.678 10.01 20
2.31 0.714 10.058 20
2.044 0.826 10.06 20
1.915 0.79 9.909 20
1.879 0.666 9.864 20
1.836 0.685 9.876 21
1.755 0.743 9.88 20
1.645 0.728 9.842 20
1.484 0.695 9.761 20
1.35 0.709 9.744 20
1.288 0.699 9.739 20
1.178 0.637 9.703 20
1.058 0.57 9.641 21
0.917 0.527 9.619 20
0.828 0.472 9.586 20
0.735 0.438 9.595 20
0.637 0.395 9.583 20
0.517 0.336 9.569 20
0.419 0.309 9.579 20
0.349 0.261 9.574 20
0.239 0.168 9.524 21
0.055 0.209 9.562 20
-0.114 0.197 9.6 20
-0.258 0.151 9.495 20
-0.274 0.187 9.648 20
-0.325 0.206 9.598 20
-0.497 0.254 9.631 20
-0.66 0.125 9.634 21
-0.789 0.058 9.619 20
-0.926 0.194 9.701 20
-0.885 0.235 9.734 20
-0.954 0.127 9.662 20
-1.144 0.089 9.727 20
-1.249 0.07 9.751 20
-1.314 0.051 9.825 21
-1.354 0.036 9.823 20
-1.369 0.053 9.777 20
-1.412 0.01 9.83 20
-1.503 -0.087 9.852 20
-1.555 -0.106 9.892 20
-1.565 -0.073 9.907 20
-1.555 -0.051 9.866 20
-1.555 -0.044 9.859 21
-1.57 -0.03 9.885 20
-1.591 -0.011 9.873 20
-1.553 0.015 9.907 20
-1.443 0.036 9.842 20
-1.323 0.096 9.856 20
-1.275 0.096 9.84 20
-1.251 0.043 9.847 21
-1.179 0.041 9.83 20
-1.057 0.055 9.785 20
-0.904 0.108 9.761 20
-0.828 0.163 9.782 20
-0.82 0.154 9.737 20
-0.794 0.144 9.72 20
-0.693 0.199 9.703 20
-0.583 0.228 9.665 21
-0.485 0.261 9.682 20
-0.432 0.273 9.658 20
-0.389 0.312 9.667 20
-0.358 0.319 9.67 20
-0.239 0.326 9.595 20
-0.025 0.371 9.708 20
0.017 0.376 9.627 21
0.081 0.34 9.617 20
0.175 0.316 9.653 20
0.232 0.321 9.598 20
0.383 0.376 9.648 20
0.522 0.388 9.691 20
0.625 0.367 9.639 20
0.706 0.371 9.684 21
0.776 0.379 9.703 20
0.893 0.348 9.686 20
0.984 0.369 9.715 20
1.056 0.407 9.725 20
1.118 0.386 9.758 20
1.192 0.403 9.758 20
1.281 0.443 9.77 21
1.329 0.446 9.804 20
1.384 0.438 9.842 20
1.446 0.446 9.813 20
1.475 0.448 9.823 20
1.525 0.46 9.883 20
1.602 0.438 9.916 20
1.645 0.438 9.878 20
1.63 0.422 9.89 21
1.578 0.417 9.907 20
1.578 0.45 9.907 20
1.609 0.462 9.909 20
1.585 0.429 9.883 20
1.511 0.438 9.88 20
1.446 0.453 9.89 20
1.417 0.431 9.878 21
1.42 0.431 9.876 20
1.365 0.46 9.878 20
1.266 0.441 9.84 20
1.139 0.441 9.823 20
1.094 0.458 9.799 20
1.072 0.438 9.773 20
0.993 0.467 9.78 21
0.905 0.443 9.799 20
0.802 0.431 9.756 20
0.732 0.422 9.753 20
0.701 0.41 9.703 20
0.689 0.393 9.722 20
0.641 0.4 9.725 20
0.555 0.359 9.703 21
0.476 0.321 9.684 20
0.407 0.304 9.694 20
0.366 0.321 9.715 20
0.282 0.292 9.689 20
0.165 0.266 9.631 20
0.012 0.312 9.691 20
-0.057 0.304 9.686 20
-0.097 0.252 9.665 21
-0.148 0.249 9.706 20
-0.2 0.268 9.67 20
-0.239 0.254 9.698 20
-0.33 0.259 9.71 20
-0.447 0.264 9.734 20
-0.507 0.247 9.737 20
-0.514 0.237 9.727 21
-0.535 0.28 9.746 20
-0.61 0.292 9.765 20
-0.703 0.242 9.758 20
-0.749 0.23 9.782 20
-0.756 0.24 9.794 20
-0.729 0.237 9.797 20
-0.765 0.257 9.799 20
-0.792 0.259 9.782 21
-0.832 0.213 9.842 20
-0.873 0.206 9.797 20
-0.871 0.223 9.804 20
-0.849 0.228 9.818 20
-0.842 0.206 9.797 20
-0.844 0.189 9.813 20
-0.813 0.18 9.823 21
-0.761 0.151 9.821 20
-0.732 0.122 9.801 20
-0.713 0.158 9.816 20
-0.693 0.154 9.797 20
-0.653 0.154 9.782 20
-0.591 0.151 9.765 20
-0.535 0.192 9.763 21
-0.514 0.223 9.77 20
-0.466 0.199 9.765 20
-0.418 0.204 9.744 20
-0.375 0.264 9.768 20
-0.318 0.276 9.746 20
-0.263 0.295 9.73 20
-0.234 0.312 9.742 21
-0.172 0.316 9.727 20
-0.138 0.331 9.722 20
-0.083 0.312 9.715 20
-0.004 0.333 9.718 20
0.074 0.348 9.72 20
0.172 0.338 9.737 20
0.227 0.321 9.694 20
0.278 0.331 9.701 21
0.328 0.321 9.715 20
0.404 0.312 9.718 20
0.507 0.326 9.715 20
0.531 0.319 9.739 20
0.579 0.324 9.751 20
0.627 0.326 9.706 20
0.718 0.324 9.806 21
0.8 0.348 9.751 20
0.809 0.336 9.732 20
0.845 0.35 9.811 20
0.859 0.343 9.746 20
0.914 0.328 9.816 20
0.96 0.4 9.806 20
1.008 0.388 9.794 21
1.039 0.371 9.816 20
1.008 0.412 9.794 20
1.039 0.41 9.818 20
1.077 0.417 9.83 20
1.092 0.417 9.809 20
1.096 0.398 9.849 20
1.082 0.419 9.842 20
1.063 0.395 9.823 21
1.063 0.417 9.837 20
1.041 0.4 9.852 20
0.993 0.417 9.792 20
0.922 0.398 9.835 20
0.855 0.388 9.78 20
0.89 0.345 9.816 20
0.857 0.4 9.758 21
0.869 0.391 9.837 20
0.783 0.245 9.785 20
0.694 0.309 9.71 20
0.701 0.427 9.832 20
0.721 0.321 9.785 20
0.67 0.252 9.698 20
0.586 0.369 9.806 21
0.541 0.352 9.763 20
0.51 0.3 9.718 20
0.467 0.297 9.753 20
0.412 0.345 9.722 20
0.364 0.34 9.768 20
0.268 0.292 9.727 20
0.218 0.307 9.71 20
0.177 0.34 9.732 21
0.079 0.302 9.732 20
-0.002 0.292 9.715 20
-0.042 0.314 9.722 20
-0.078 0.309 9.756 20
-0.083 0.302 9.732 20
-0.131 0.261 9.744 20
-0.174 0.254 9.746 21
-0.205 0.273 9.785 20
-0.263 0.249 9.756 20
-0.263 0.228 9.725 20
-0.289 0.242 9.775 20
-0.327 0.257 9.77 20
-0.353 0.24 9.763 20
-0.375 0.235 9.768 21
-0.406 0.252 9.789 20
-0.43 0.235 9.756 20
-0.437 0.218 9.761 20
-0.464 0.245 9.799 20
-0.49 0.273 9.797 20
-0.488 0.259 9.787 20
-0.471 0.242 9.789 21
-0.478 0.307 9.785 20
-0.516 0.259 9.804 20
-0.533 0.24 9.727 20
-0.533 0.321 9.861 20
-0.466 0.3 9.78 20
-0.368 0.218 9.744 20
-0.406 0.261 9.768 20
-0.411 0.297 9.847 21
-0.444 0.206 9.727 20
-0.334 0.252 9.777 20
-0.263 0.314 9.787 20
-0.279 0.17 9.765 20
-0.313 0.072 9.746 20
-0.332 0.185 9.73 20
-0.205 0.271 9.813 21
-0.116 0.187 9.71 20
-0.145 0.266 9.742 20
-0.186 0.345 9.792 20
-0.148 0.278 9.725 20
-0.016 0.266 9.753 20
0.096 0.343 9.751 20
0.148 0.328 9.749 21
0.122 0.29 9.744 20
0.1 0.316 9.761 20
0.151 0.345 9.744 20
0.333 0.345 9.777 20
0.414 0.307 9.746 20
0.349 0.336 9.72 20
0.342 0.345 9.777 21
0.349 0.324 9.71 20
0.474 0.328 9.799 20
0.586 0.324 9.739 20
0.603 0.34 9.765 20
0.562 0.348 9.809 20
0.551 0.333 9.756 20
0.601 0.328 9.746 20
0.699 0.348 9.825 21
0.711 0.324 9.763 20
0.697 0.319 9.773 20
0.721 0.35 9.818 20
0.689 0.374 9.758 20
0.742 0.352 9.797 20
0.773 0.343 9.799 20
0.792 0.357 9.777 21
0.764 0.381 9.823 20
0.776 0.379 9.797 20
0.797 0.379 9.78 20
0.788 0.391 9.823 20
0.761 0.391 9.806 20
0.735 0.379 9.775 20
0.725 0.386 9.789 21
0.706 0.398 9.801 20
0.718 0.383 9.825 20
0.706 0.367 9.794 20
0.651 0.364 9.775 20
0.622 0.369 9.804 20
0.622 0.35 9.775 20
0.591 0.307 9.763 21
0.546 0.297 9.768 20
0.515 0.321 9.761 20
0.5 0.326 9.794 20
0.467 0.285 9.746 20
0.419 0.285 9.727 20
0.369 0.295 9.777 20
0.318 0.297 9.746 20
0.294 0.288 9.751 21
0.251 0.273 9.773 20
0.196 0.276 9.722 20
0.134 0.319 9.751 20
0.1 0.324 9.765 20
0.086 0.314 9.727 20
0.06 0.319 9.777 20
-0.021 0.316 9.732 21
-0.052 0.3 9.758 20
-0.088 0.295 9.761 20
-0.097 0.29 9.763 20
-0.114 0.314 9.746 20
-0.116 0.292 9.761 20
-0.143 0.268 9.749 20
-0.21 0.278 9.77 20
-0.195 0.288 9.761 21
-0.205 0.268 9.763 20
-0.217 0.257 9.765 20
-0.236 0.271 9.78 20
-0.246 0.273 9.782 20
-0.27 0.271 9.775 20
-0.243 0.28 9.782 20
-0.26 0.273 9.749 21
-0.267 0.28 9.773 20
-0.255 0.3 9.799 20
-0.284 0.276 9.77 20
-0.286 0.276 9.761 20
-0.296 0.326 9.792 20
-0.282 0.28 9.789 20
-0.263 0.247 9.72 21
-0.246 0.309 9.794 20
-0.231 0.307 9.746 20
-0.207 0.264 9.763 20
-0.207 0.273 9.777 20
-0.2 0.283 9.765 20
-0.157 0.288 9.775 20
-0.16 0.264 9.744 20
-0.112 0.278 9.792 21
-0.119 0.283 9.768 20
-0.114 0.257 9.773 20
-0.09 0.24 9.756 20
-0.037 0.28 9.751 20
0.057 0.259 9.797 20
0.031 0.247 9.77 20
0.026 0.302 9.655 21
0.354 0.273 9.868 20
0.337 0.151 9.722 20
0.05 0.338 9.694 20
0.098 0.355 9.892 20
0.246 0.182 9.648 20
0.464 0.283 9.787 20
0.44 0.371 9.823 21
0.352 0.29 9.72 20
0.311 0.264 9.799 20
0.302 0.34 9.72 20
0.503 0.369 9.799 20
0.56 0.307 9.799 20
0.479 0.319 9.811 20
0.361 0.355 9.701 20
0.615 0.247 9.818 21
0.646 0.321 9.765 20
0.57 0.391 9.821 20
0.56 0.288 9.782 20
0.577 0.283 9.739 20
0.586 0.398 9.844 20
0.601 0.348 9.809 20
0.555 0.314 9.742 21
0.606 0.376 9.804 20
0.653 0.395 9.804 20
0.658 0.338 9.782 20
0.574 0.34 9.785 20
0.558 0.395 9.765 20
0.57 0.388 9.799 20
0.555 0.345 9.763 21
0.551 0.412 9.768 20
0.543 0.4 9.794 20
0.524 0.338 9.777 20
0.493 0.374 9.775 20
0.472 0.374 9.773 20
0.474 0.374 9.77 20
0.44 0.357 9.785 20
0.409 0.352 9.768 21
0.419 0.374 9.787 20
0.419 0.352 9.792 20
0.366 0.312 9.751 20
0.311 0.336 9.773 20
0.309 0.304 9.773 20
0.292 0.312 9.744 20
0.254 0.336 9.777 21
0.208 0.314 9.761 20
0.165 0.312 9.744 20
0.132 0.331 9.804 20
0.136 0.285 9.765 20
0.132 0.273 9.749 20
0.084 0.302 9.789 20
0.017 0.295 9.751 21
-0.018 0.283 9.749 20
-0.014 0.283 9.775 20
0.017 0.29 9.765 20
0.0 0.261 9.753 20
-0.054 0.268 9.758 20
-0.133 0.285 9.77 20
-0.124 0.252 9.77 20
-0.09 0.252 9.746 21
-0.109 0.268 9.789 20
-0.112 0.247 9.761 20
-0.152 0.252 9.739 20
-0.16 0.278 9.787 20
-0.138 0.28 9.756 20
-0.131 0.273 9.77 20
-0.155 0.273 9.768 21
-0.164 0.28 9.744 20
-0.128 0.304 9.792 20
-0.148 0.288 9.773 20
-0.128 0.28 9.765 20
-0.14 0.278 9.777 20
-0.136 0.28 9.777 20
-0.136 0.276 9.761 21
-0.102 0.297 9.753 20
-0.076 0.288 9.792 20
-0.073 0.3 9.77 20
-0.049 0.295 9.787 20
-0.03 0.295 9.756 20
-0.023 0.297 9.756 20
-0.04 0.304 9.761 20
-0.002 0.328 9.775 21
0.043 0.314 9.775 20
0.048 0.3 9.744 20
0.076 0.345 9.782 20
0.081 0.333 9.777 20
0.117 0.3 9.751 20
0.155 0.326 9.77 20
0.179 0.34 9.78 21
0.191 0.314 9.782 20
0.213 0.309 9.77 20
0.237 0.343 9.756 20
0.28 0.326 9.777 20
0.304 0.312 9.753 20
0.306 0.324 9.775 20
0.313 0.328 9.765 21
0.354 0.316 9.775 20
0.381 0.316 9.751 20
0.381 0.331 9.777 20
0.419 0.338 9.794 20
0.44 0.312 9.761 20
0.455 0.309 9.78 20
0.457 0.319 9.804 21
0.457 0.309 9.753 20
0.476 0.324 9.777 20
0.491 0.312 9.787 20
0.5 0.302 9.773 20
0.5 0.326 9.787 20
0.503 0.307 9.773 20
0.505 0.297 9.768 20
0.491 0.309 9.809 21
0.495 0.309 9.763 20
0.486 0.324 9.773 20
0.479 0.309 9.804 20
0.472 0.324 9.77 20
0.457 0.328 9.804 20
0.452 0.326 9.758 20
0.46 0.328 9.765 21
0.419 0.338 9.777 20
0.419 0.319 9.773 20
0.407 0.316 9.751 20
0.388 0.324 9.775 20
0.39 0.333 9.77 20
0.354 0.326 9.773 20
0.311 0.304 9.777 20
0.306 0.328 9.761 21
0.323 0.319 9.782 20
0.297 0.314 9.763 20
0.242 0.324 9.765 20
0.194 0.326 9.763 20
0.213 0.319 9.753 20
0.201 0.324 9.761 20
0.175 0.338 9.77 21
0.151 0.331 9.777 20
0.117 0.328 9.758 20
0.098 0.321 9.77 20
0.096 0.314 9.77 20
0.086 0.309 9.787 20
0.069 0.316 9.773 20
0.041 0.321 9.763 21
0.012 0.336 9.782 20
-0.004 0.328 9.765 20
-0.002 0.304 9.751 20
0.002 0.309 9.773 20
-0.014 0.295 9.761 20
-0.025 0.288 9.77 20
-0.04 0.285 9.758 21
-0.033 0.307 9.785 20
-0.033 0.304 9.768 20
-0.047 0.307 9.775 20
-0.064 0.295 9.785 20
-0.045 0.273 9.763 20
-0.052 0.273 9.78 20
-0.035 0.28 9.775 20
-0.052 0.302 9.758 21
-0.054 0.28 9.782 20
-0.047 0.268 9.768 20
-0.03 0.28 9.758 20
-0.023 0.288 9.773 20
0.0 0.268 9.777 20
0.0 0.285 9.775 20
-0.006 0.276 9.773 21
0.007 0.29 9.77 20
0.014 0.304 9.765 20
0.05 0.28 9.782 20
0.064 0.295 9.773 20
0.067 0.3 9.756 20
0.081 0.3 9.763 20
0.1 0.3 9.765 20
0.112 0.3 9.78 21
0.136 0.297 9.763 20
0.16 0.295 9.761 20
0.158 0.314 9.77 20
0.189 0.309 9.761 20
0.208 0.314 9.763 20
0.227 0.304 9.749 20
0.237 0.314 9.775 21
0.254 0.321 9.785 20
0.27 0.319 9.763 20
0.287 0.326 9.787 20
0.313 0.326 9.763 20
0.321 0.343 9.792 20
0.325 0.34 9.785 20
0.34 0.331 9.777 21
0.354 0.336 9.806 20
0.371 0.336 9.768 20
0.39 0.328 9.78 20
0.4 0.338 9.78 20
0.4 0.343 9.773 20
0.393 0.324 9.775 20
0.414 0.324 9.785 20
0.421 0.333 9.773 21
0.431 0.328 9.777 20
0.424 0.328 9.775 20
0.409 0.338 9.787 20
0.402 0.333 9.765 20
0.407 0.321 9.765 20
0.419 0.319 9.768 20
0.414 0.324 9.777 21
0.388 0.312 9.775 20
0.354 0.319 9.789 20
0.354 0.309 9.775 20
0.364 0.316 9.756 20
0.366 0.319 9.78 20
0.347 0.312 9.782 20
0.33 0.316 9.768 21
0.321 0.295 9.758 20
0.323 0.288 9.751 20
0.304 0.304 9.77 20
0.282 0.316 9.77 20
0.244 0.3 9.77 20
0.23 0.3 9.761 20
0.225 0.314 9.787 20
0.213 0.3 9.78 21
0.201 0.285 9.763 20
0.167 0.304 9.789 20
0.141 0.292 9.763 20
0.16 0.304 9.765 20
0.148 0.309 9.775 20
0.12 0.307 9.768 20
0.108 0.292 9.768 21
0.093 0.312 9.768 20
0.081 0.307 9.785 20
0.091 0.29 9.765 20
0.076 0.302 9.751 20
0.064 0.302 9.78 20
0.048 0.297 9.756 20
0.038 0.304 9.77 21
0.031 0.312 9.777 20
0.041 0.302 9.773 20
0.036 0.302 9.768 20
0.026 0.3 9.765 20
0.005 0.302 9.77 20
0.009 0.328 9.773 20
0.021 0.321 9.761 21
0.019 0.297 9.758 20
-0.004 0.309 9.77 20
-0.004 0.321 9.765 20
0.019 0.314 9.785 20
0.021 0.295 9.77 20
0.014 0.314 9.787 20
0.019 0.316 9.77 20
0.038 0.29 9.763 21
0.045 0.292 9.78 20
0.05 0.316 9.789 20
0.06 0.314 9.763 20
0.072 0.285 9.775 20
0.081 0.297 9.758 20
0.091 0.312 9.744 20
0.091 0.3 9.761 21
0.1 0.297 9.777 20
0.12 0.292 9.763 20
0.127 0.309 9.785 20
0.134 0.297 9.773 20
0.151 0.285 9.756 20
0.167 0.307 9.765 20
0.184 0.307 9.78 21
0.201 0.3 9.777 20
0.218 0.292 9.768 20
0.215 0.314 9.782 20
0.237 0.316 9.765 20
0.249 0.314 9.763 20
0.27 0.292 9.758 20
0.268 0.307 9.775 21
0.27 0.307 9.77 20
0.297 0.316 9.756 20
0.311 0.314 9.787 20
0.313 0.319 9.78 20
0.306 0.307 9.758 20
0.321 0.302 9.787 20
0.349 0.331 9.765 20
0.342 0.321 9.765 21
0.347 0.314 9.787 20
0.369 0.314 9.768 20
0.352 0.336 9.777 20
0.342 0.319 9.765 20
0.359 0.324 9.761 20
0.359 0.321 9.775 20
0.354 0.314 9.758 21
0.347 0.34 9.768 20
0.342 0.338 9.782 20
0.337 0.336 9.744 20
0.335 0.34 9.775 20
0.337 0.336 9.78 20
0.313 0.326 9.773 20
0.299 0.331 9.773 21
0.292 0.312 9.777 20
0.309 0.321 9.777 20
0.302 0.326 9.773 20
0.285 0.328 9.773 20
0.275 0.331 9.765 20
0.254 0.3 9.761 20
0.234 0.316 9.765 21
0.225 0.324 9.794 20
0.223 0.297 9.773 20
0.208 0.307 9.765 20
0.184 0.336 9.775 20
0.177 0.326 9.78 20
0.179 0.309 9.773 20
0.179 0.307 9.777 20
0.158 0.321 9.777 21
0.143 0.302 9.761 20
0.127 0.295 9.761 20
0.117 0.304 9.765 20
0.139 0.309 9.768 20
0.136 0.278 9.753 20
0.115 0.297 9.775 20
0.093 0.314 9.777 21
0.093 0.309 9.761 20
0.093 0.288 9.758 20
0.091 0.304 9.77 20
0.081 0.309 9.773 20
0.06 0.307 9.785 20
0.069 0.3 9.785 20
0.072 0.295 9.777 21
0.074 0.297 9.777 20
0.06 0.304 9.773 20
0.053 0.295 9.782 20
0.057 0.297 9.761 20
0.064 0.302 9.758 20
0.067 0.29 9.756 20
0.05 0.316 9.761 20
0.06 0.297 9.765 21
0.074 0.29 9.765 20
0.074 0.288 9.746 20
0.079 0.288 9.787 20
0.084 0.292 9.777 20
0.076 0.292 9.761 20
0.098 0.321 9.782 20
0.115 0.316 9.782 21
0.124 0.283 9.77 20
0.11 0.288 9.773 20
0.124 0.324 9.782 20
0.134 0.309 9.77 20
0.153 0.304 9.775 20
0.158 0.307 9.777 20
0.163 0.302 9.777 21
0.158 0.319 9.763 20
0.184 0.309 9.782 20
0.179 0.328 9.77 20
0.211 0.324 9.77 20
0.203 0.304 9.773 20
0.208 0.324 9.761 20
0.237 0.302 9.78 21
0.239 0.326 9.756 20
0.251 0.316 9.758 20
0.249 0.316 9.794 20
0.254 0.316 9.773 20
0.256 0.324 9.789 20
0.27 0.319 9.782 20
0.278 0.321 9.782 20
0.285 0.321 9.785 21
0.287 0.319 9.773 20
0.294 0.324 9.785 20
0.297 0.319 9.782 20
0.304 0.321 9.785 20
0.309 0.297 9.78 20
0.299 0.302 9.78 20
0.299 0.321 9.789 21
0.304 0.314 9.797 20
0.309 0.302 9.785 20
0.302 0.307 9.775 20
0.309 0.307 9.768 20
0.309 0.3 9.756 20
0.302 0.316 9.768 20
0.282 0.314 9.789 20
0.29 0.312 9.756 21
0.266 0.319 9.825 20
0.227 0.336 9.897 20
0.237 0.163 9.492 20
0.23 0.297 9.821 20
0.242 0.359 9.832 20
0.242 0.367 9.9 20
0.213 0.285 9.651 21
0.242 0.3 9.823 20
0.187 0.336 9.763 20
0.242 0.304 9.768 20
0.206 0.292 9.789 20
0.194 0.309 9.763 20
0.201 0.324 9.775 20
0.155 0.319 9.785 20
0.184 0.28 9.758 21
0.172 0.319 9.773 20
0.153 0.338 9.804 20
0.143 0.297 9.744 20
0.136 0.3 9.77 20
0.158 0.304 9.768 20
0.143 0.302 9.761 20
0.136 0.292 9.78 21
0.127 0.312 9.775 20
0.124 0.314 9.763 20
0.117 0.309 9.768 20
0.115 0.3 9.763 20
0.105 0.321 9.78 20
0.084 0.326 9.794 20
0.098 0.28 9.768 21
0.084 0.309 9.775 20
0.108 0.309 9.77 20
0.088 0.283 9.773 20
0.076 0.304 9.765 20
0.084 0.328 9.797 20
0.096 0.3 9.744 20
0.108 0.295 9.77 21
0.088 0.29 9.765 20
0.098 0.304 9.758 20
0.108 0.302 9.782 20
0.117 0.292 9.758 20
0.122 0.297 9.792 20
0.1 0.29 9.773 20
0.108 0.312 9.765 20
0.127 0.292 9.77 21
0.139 0.312 9.782 20
0.148 0.304 9.761 20
0.139 0.28 9.765 20
0.146 0.297 9.761 20
0.17 0.304 9.773 20
0.177 0.309 9.765 20
0.167 0.312 9.761 21
0.153 0.304 9.775 20
0.17 0.319 9.768 20
0.206 0.319 9.763 20
0.234 0.345 9.777 20
0.215 0.316 9.792 20
0.167 0.302 9.746 20
0.139 0.333 9.761 20
0.213 0.331 9.785 21
0.313 0.285 9.742 20
0.313 0.321 9.792 20
0.213 0.369 9.789 20
0.141 0.316 9.765 20
0.177 0.3 9.722 20
0.254 0.364 9.777 20
0.249 0.343 9.804 21
0.249 0.29 9.746 20
0.239 0.316 9.753 20
0.227 0.362 9.842 20
0.244 0.302 9.749 20
0.251 0.199 9.567 20
0.258 0.379 10.014 20
0.254 0.319 9.761 21
0.304 0.257 9.646 20
0.258 0.324 9.888 20
0.292 0.295 9.694 20
0.278 0.326 9.775 20
0.251 0.307 9.854 20
0.28 0.29 9.677 20
0.258 0.352 9.821 21
0.266 0.312 9.77 20
0.254 0.273 9.706 20

# Completed @Tue Aug 01 10:24:15 GMT+08:00 2017
