0.335 0.355 9.746 0
0.335 0.338 9.756 20
0.34 0.326 9.751 20
0.354 0.319 9.751 20
0.366 0.312 9.744 20
0.352 0.319 9.734 20
0.364 0.304 9.751 20
0.347 0.292 9.756 21
0.359 0.288 9.744 20
0.371 0.273 9.732 20
0.366 0.254 9.758 20
0.357 0.249 9.737 20
0.364 0.259 9.73 20
0.371 0.266 9.746 21
0.361 0.261 9.763 20
0.354 0.254 9.751 20
0.352 0.242 9.746 20
0.354 0.266 9.725 20
0.373 0.273 9.73 20
0.354 0.271 9.744 21
0.337 0.285 9.756 20
0.335 0.283 9.744 20
0.337 0.29 9.739 20
0.342 0.3 9.744 20
0.342 0.297 9.756 20
0.337 0.316 9.749 21
0.349 0.314 9.749 20
0.328 0.324 9.739 20
0.321 0.324 9.761 20
0.333 0.314 9.751 20
0.333 0.316 9.744 20
0.323 0.319 9.739 21
0.316 0.304 9.734 20
0.328 0.3 9.756 20
0.337 0.307 9.758 20
0.328 0.283 9.746 20
0.323 0.29 9.737 20
0.33 0.28 9.751 21
0.335 0.261 9.756 20
0.342 0.259 9.737 20
0.33 0.259 9.746 20
0.349 0.266 9.753 20
0.347 0.252 9.744 20
0.352 0.271 9.751 21
0.359 0.271 9.749 20
0.347 0.273 9.749 20
0.349 0.276 9.746 20
0.345 0.29 9.751 20
0.357 0.278 9.763 20
0.352 0.285 9.732 21
0.354 0.29 9.737 20
0.359 0.292 9.751 20
0.364 0.309 9.753 20
0.359 0.319 9.744 20
0.352 0.321 9.746 20
0.342 0.319 9.751 21
0.342 0.321 9.765 20
0.352 0.312 9.742 20
0.354 0.304 9.753 20
0.345 0.285 9.751 20
0.357 0.302 9.749 20
0.352 0.297 9.761 20
0.333 0.28 9.746 21
0.345 0.271 9.742 20
0.337 0.278 9.73 20
0.335 0.271 9.751 20
0.342 0.271 9.758 20
0.347 0.261 9.756 20
0.337 0.261 9.753 21
0.337 0.278 9.756 20
0.333 0.268 9.742 20
0.321 0.273 9.742 20
0.335 0.261 9.737 20
0.323 0.273 9.742 20
0.335 0.285 9.739 21
0.323 0.288 9.737 20
0.328 0.295 9.742 20
0.33 0.29 9.756 20
0.335 0.288 9.749 20
0.318 0.29 9.742 20
0.333 0.302 9.739 21
0.333 0.312 9.737 20
0.352 0.297 9.765 20
0.342 0.314 9.742 20
0.335 0.307 9.756 20
0.34 0.3 9.742 20
0.347 0.297 9.746 21
0.347 0.283 9.753 20
0.342 0.302 9.753 20
0.349 0.285 9.751 20
0.357 0.285 9.737 20
0.337 0.285 9.768 20
0.349 0.273 9.744 20
0.361 0.273 9.725 21
0.361 0.273 9.744 20
0.371 0.249 9.742 20
0.337 0.261 9.753 20
0.328 0.276 9.742 20
0.352 0.273 9.749 20
0.349 0.268 9.746 21
0.359 0.273 9.746 20
0.333 0.273 9.742 20
0.333 0.271 9.749 20
0.337 0.295 9.744 20
0.33 0.302 9.756 20
0.323 0.295 9.758 21
0.328 0.297 9.73 20
0.311 0.295 9.732 20
0.337 0.314 9.751 20
0.335 0.304 9.756 20
0.33 0.3 9.746 20
0.325 0.3 9.753 21
0.318 0.312 9.753 20
0.328 0.312 9.739 20
0.33 0.302 9.751 20
0.335 0.288 9.753 20
0.33 0.288 9.751 20
0.328 0.28 9.739 21
0.34 0.278 9.744 20
0.333 0.28 9.749 20
0.333 0.28 9.737 20
0.335 0.276 9.765 20
0.347 0.276 9.753 20
0.302 0.316 9.73 21
0.333 0.252 9.732 20
0.416 0.257 9.742 20
0.428 0.302 9.732 20
0.325 0.264 9.751 20
0.268 0.252 9.727 20
0.349 0.297 9.734 20
0.376 0.34 9.734 21
0.325 0.292 9.756 20
0.27 0.249 9.734 20
0.321 0.28 9.73 20
0.416 0.252 9.765 20
0.352 0.278 9.749 20
0.311 0.273 9.732 21
0.323 0.271 9.746 20
0.184 0.28 9.739 20
0.218 0.288 9.753 20
0.5 0.199 9.725 20
0.481 0.343 9.732 20
0.117 0.268 9.763 21
-0.059 0.125 9.746 20
0.155 0.242 9.761 20
0.39 0.292 9.588 20
0.349 0.376 9.56 20
0.428 0.352 9.574 20
0.395 0.379 9.67 21
0.505 0.925 9.672 20
1.022 0.719 8.913 20
0.926 0.324 9.706 20
1.159 0.843 8.93 20
2.033 0.975 8.844 20
3.689 -0.743 9.346 21
4.752 -0.147 9.694 20
4.812 1.521 9.679 20
5.552 0.376 10.263 20
6.407 0.022 9.859 20
6.495 2.043 11.065 20
7.431 1.719 11.678 21
7.113 0.982 14.046 20
10.132 1.899 12.011 20
6.498 1.624 6.641 20
-2.59 -1.414 7.28 20
-3.588 -0.14 7.831 20
1.731 0.769 9.476 21
5.722 -0.715 9.059 20
1.166 -0.904 8.221 20
-5.132 -0.312 8.377 20
-7.311 -0.978 9.993 20
-4.493 -0.808 9.691 20
-0.763 -0.434 8.676 21
-2.254 -0.185 8.935 20
-7.797 -0.839 9.964 20
-9.598 -1.569 11.597 20
-6.942 -0.808 11.154 20
-4.876 -0.178 9.509 20
-5.058 -0.729 9.61 20
-7.96 -0.758 10.9 21
-9.097 0.094 11.664 20
-6.38 0.398 10.836 20
-4.256 0.266 9.641 20
-5.032 0.98 9.911 20
-6.045 1.238 10.254 20
-4.934 0.642 9.849 21
-2.757 0.673 9.153 20
-1.565 1.339 8.985 20
-1.869 1.343 9.066 20
-1.766 0.683 9.059 20
-0.485 0.443 9.042 20
1.197 0.434 8.834 21
1.491 0.778 8.937 20
1.831 0.917 8.88 20
1.791 0.819 8.896 20
2.777 0.28 9.287 20
3.945 0.276 9.447 20
4.997 0.221 9.49 21
5.832 -0.274 9.67 20
5.902 -0.298 9.878 20
5.949 -0.19 10.328 20
6.407 -0.394 10.52 20
6.955 -0.513 10.474 20
7.142 -0.319 10.46 21
6.778 -0.291 10.431 20
6.349 -0.382 10.508 20
6.124 -0.284 10.503 20
6.222 -0.236 10.283 20
5.839 -0.063 10.053 20
4.956 0.249 9.828 21
4.197 0.297 9.674 20
3.234 0.486 9.437 20
2.456 0.637 9.32 20
2.224 0.486 9.129 20
1.882 0.455 9.09 20
1.139 0.453 9.04 20
-0.131 0.592 9.114 21
-0.909 0.75 9.133 20
-1.213 0.707 9.153 20
-1.208 0.417 9.196 20
-1.852 0.297 9.279 20
-3.191 0.35 9.507 20
-4.203 0.64 9.73 21
-4.0 0.656 9.823 20
-3.59 0.381 9.787 20
-4.282 0.233 9.916 20
-5.472 0.316 10.369 20
-6.138 0.465 10.486 20
-5.254 0.288 10.285 21
-4.086 -0.157 10.029 20
-4.306 -0.154 10.149 20
-5.139 0.122 10.347 20
-5.039 0.178 10.206 20
-3.827 0.096 9.89 20
-2.666 0.139 9.629 21
-2.398 0.142 9.572 20
-2.63 0.24 9.586 20
-2.319 0.424 9.454 20
-1.158 0.324 9.318 20
0.096 0.204 9.241 20
0.582 0.438 9.27 20
0.45 0.517 9.277 21
0.819 0.304 9.255 20
1.369 0.501 9.2 20
2.241 0.556 9.323 20
3.045 0.352 9.536 20
3.615 0.235 9.627 20
3.776 0.204 9.612 21
4.089 0.06 9.718 20
4.671 0.063 9.931 20
5.066 0.288 10.153 20
5.236 0.194 10.237 20
5.155 -0.059 10.127 20
5.006 0.07 10.089 21
5.035 0.216 10.172 20
4.999 0.223 10.235 20
4.786 0.166 10.163 20
4.511 0.027 9.99 20
4.171 -0.02 9.856 20
3.823 0.175 9.801 21
3.404 0.242 9.73 20
2.782 0.216 9.555 20
2.061 0.201 9.445 20
1.59 0.185 9.361 20
1.278 0.132 9.382 20
0.926 0.075 9.344 21
0.086 0.283 9.385 20
-0.648 0.458 9.387 20
-1.053 0.398 9.418 20
-1.251 0.235 9.466 20
-1.61 0.233 9.471 20
-2.243 0.357 9.61 20
-2.932 0.517 9.73 21
-3.169 0.529 9.821 20
-3.054 0.407 9.854 20
-3.26 0.307 9.911 20
-3.765 0.359 10.002 20
-4.132 0.606 10.144 20
-3.983 0.597 10.108 21
-3.437 0.288 9.99 20
-3.255 0.223 9.99 20
-3.471 0.398 10.026 20
-3.435 0.448 9.945 20
-2.896 0.422 9.835 20
-2.166 0.355 9.701 21
-1.67 0.266 9.648 20
-1.579 0.374 9.607 20
-1.381 0.484 9.55 20
-0.71 0.367 9.459 20
0.06 0.218 9.452 20
0.551 0.307 9.464 21
0.893 0.268 9.538 20
1.24 0.201 9.464 20
1.192 0.412 9.461 20
1.484 0.422 9.502 20
2.298 0.187 9.629 20
3.163 0.07 9.727 20
3.498 -0.011 9.744 21
3.352 0.02 9.746 20
3.28 0.158 9.806 20
3.653 0.151 9.945 20
4.144 0.0 10.058 20
4.254 0.022 10.041 20
3.938 0.173 9.952 21
3.591 0.233 9.928 20
3.57 0.23 9.974 20
3.749 0.189 10.014 20
3.701 0.067 9.931 20
3.263 0.089 9.794 20
2.739 0.264 9.706 21
2.404 0.276 9.689 20
2.159 0.185 9.665 20
1.774 0.213 9.617 20
1.314 0.257 9.516 20
0.926 0.166 9.504 20
0.39 0.199 9.507 21
-0.191 0.367 9.552 20
-0.464 0.371 9.54 20
-0.734 0.35 9.54 20
-1.026 0.264 9.603 20
-1.364 0.285 9.619 20
-1.847 0.398 9.684 21
-2.207 0.453 9.782 20
-2.199 0.415 9.801 20
-2.149 0.302 9.789 20
-2.468 0.328 9.832 20
-2.846 0.453 9.921 20
-2.997 0.496 9.976 20
-2.781 0.412 9.945 21
-2.331 0.292 9.885 20
-2.341 0.343 9.854 20
-2.571 0.446 9.868 20
-2.417 0.441 9.816 20
-1.867 0.338 9.761 20
-1.254 0.235 9.706 21
-0.995 0.254 9.674 20
-0.94 0.348 9.648 20
-0.679 0.359 9.605 20
-0.16 0.28 9.56 20
0.428 0.237 9.583 20
0.816 0.17 9.615 21
1.068 0.149 9.605 20
1.037 0.367 9.579 20
0.955 0.458 9.607 20
1.343 0.3 9.641 20
2.15 0.132 9.727 20
2.808 0.094 9.787 21
2.811 0.06 9.751 20
2.507 0.113 9.739 20
2.54 0.245 9.804 20
3.084 0.178 9.921 20
3.433 0.031 9.95 20
3.201 0.134 9.868 21
2.758 0.316 9.811 20
2.657 0.295 9.821 20
2.849 0.225 9.921 20
2.983 0.166 9.909 20
2.66 0.154 9.789 20
2.157 0.185 9.694 20
1.934 0.192 9.708 21
1.896 0.187 9.739 20
1.628 0.194 9.703 20
1.12 0.23 9.622 20
0.704 0.233 9.574 20
0.448 0.221 9.595 20
0.163 0.24 9.631 21
-0.164 0.324 9.67 20
-0.464 0.326 9.641 20
-0.792 0.292 9.655 20
-1.0 0.257 9.686 20
-1.086 0.314 9.694 20
-1.345 0.343 9.749 21
-1.567 0.362 9.787 20
-1.68 0.314 9.782 20
-1.761 0.307 9.811 20
-1.835 0.331 9.813 20
-1.922 0.383 9.84 20
-1.931 0.448 9.868 21
-1.785 0.352 9.847 20
-1.663 0.297 9.809 20
-1.663 0.364 9.799 20
-1.572 0.41 9.797 20
-1.292 0.386 9.765 20
-0.909 0.333 9.732 21
-0.653 0.288 9.727 20
-0.526 0.295 9.674 20
-0.377 0.388 9.665 20
-0.03 0.34 9.636 20
0.505 0.209 9.643 20
0.847 0.173 9.718 20
0.917 0.228 9.667 21
0.864 0.328 9.672 20
0.867 0.357 9.665 20
1.106 0.333 9.679 20
1.623 0.199 9.739 20
2.011 0.094 9.768 20
2.119 0.082 9.746 21
2.037 0.163 9.722 20
1.997 0.189 9.777 20
2.26 0.151 9.844 20
2.509 0.12 9.888 20
2.475 0.091 9.837 20
2.236 0.228 9.816 21
2.076 0.297 9.765 20
2.056 0.254 9.837 20
2.073 0.235 9.816 20
1.963 0.24 9.773 20
1.76 0.206 9.749 20
1.542 0.178 9.696 21
1.403 0.237 9.708 20
1.19 0.225 9.725 20
0.886 0.213 9.684 20
0.553 0.297 9.665 20
0.357 0.338 9.662 20
0.17 0.285 9.674 21
-0.128 0.271 9.708 20
-0.394 0.376 9.73 20
-0.562 0.367 9.694 20
-0.751 0.273 9.725 20
-0.734 0.213 9.73 20
-0.842 0.314 9.744 21
-1.036 0.333 9.794 20
-1.179 0.237 9.792 20
-1.261 0.3 9.758 20
-1.211 0.343 9.785 20
-1.179 0.295 9.792 20
-1.223 0.29 9.777 20
-1.273 0.338 9.799 21
-1.124 0.328 9.806 20
-0.909 0.312 9.761 20
-0.816 0.328 9.739 20
-0.732 0.328 9.746 20
-0.533 0.307 9.734 20
-0.279 0.3 9.73 21
-0.081 0.295 9.715 20
0.064 0.288 9.689 20
0.215 0.324 9.706 20
0.503 0.302 9.725 20
0.79 0.247 9.713 20
0.998 0.249 9.708 21
1.046 0.266 9.718 20
0.989 0.338 9.703 20
1.029 0.357 9.739 20
1.321 0.242 9.763 20
1.602 0.194 9.785 20
1.755 0.189 9.742 20
1.695 0.189 9.756 21
1.654 0.175 9.768 20
1.731 0.194 9.785 20
1.824 0.194 9.821 20
1.827 0.189 9.785 20
1.743 0.18 9.775 21
1.618 0.228 9.768 20
1.53 0.24 9.77 20
1.463 0.213 9.773 20
1.36 0.206 9.758 20
1.233 0.189 9.732 20
1.07 0.223 9.708 20
0.902 0.252 9.732 21
0.701 0.247 9.715 20
0.515 0.252 9.727 20
0.342 0.268 9.715 20
0.184 0.28 9.722 20
0.014 0.278 9.732 20
-0.181 0.316 9.72 21
-0.349 0.345 9.725 20
-0.397 0.278 9.708 20
-0.55 0.316 9.782 20
-0.547 0.295 9.744 20
-0.574 0.29 9.72 20
-0.77 0.321 9.775 21
-0.749 0.283 9.768 20
-0.753 0.302 9.742 20
-0.83 0.338 9.765 20
-0.842 0.345 9.753 20
-0.72 0.321 9.768 20
-0.631 0.307 9.763 21
-0.545 0.312 9.746 20
-0.483 0.309 9.739 20
-0.416 0.319 9.732 20
-0.239 0.292 9.744 20
-0.028 0.288 9.749 20
0.096 0.273 9.708 21
0.175 0.278 9.727 20
0.33 0.285 9.734 20
0.541 0.268 9.725 20
0.768 0.237 9.742 20
0.886 0.216 9.713 20
0.881 0.261 9.722 20
0.993 0.283 9.734 21
1.135 0.252 9.749 20
1.218 0.225 9.761 20
1.257 0.257 9.756 20
1.302 0.254 9.763 20
1.412 0.187 9.751 20
1.491 0.199 9.77 21
1.489 0.199 9.775 20
1.403 0.206 9.768 20
1.302 0.237 9.763 20
1.341 0.264 9.756 20
1.35 0.228 9.765 20
1.24 0.218 9.737 21
1.032 0.266 9.746 20
0.905 0.302 9.742 20
0.895 0.264 9.732 20
0.857 0.24 9.744 20
0.682 0.271 9.727 20
0.45 0.297 9.722 21
0.299 0.29 9.73 20
0.237 0.312 9.749 20
0.124 0.304 9.751 20
-0.023 0.271 9.727 20
-0.188 0.292 9.725 20
-0.277 0.328 9.753 21
-0.298 0.288 9.734 20
-0.263 0.237 9.744 20
-0.418 0.264 9.768 20
-0.456 0.28 9.753 20
-0.492 0.268 9.761 20
-0.49 0.259 9.751 21
-0.49 0.304 9.78 20
-0.476 0.29 9.763 20
-0.444 0.285 9.737 20
-0.397 0.304 9.756 20
-0.31 0.297 9.73 20
-0.227 0.288 9.744 21
-0.15 0.29 9.753 20
-0.059 0.307 9.734 20
0.057 0.297 9.727 20
0.215 0.285 9.737 20
0.371 0.261 9.751 20
0.448 0.28 9.73 20
0.517 0.283 9.73 21
0.67 0.254 9.737 20
0.811 0.266 9.727 20
0.869 0.273 9.737 20
0.926 0.266 9.73 20
0.986 0.276 9.739 20
1.058 0.273 9.763 21
1.125 0.245 9.756 20
1.166 0.259 9.753 20
1.175 0.273 9.761 20
1.156 0.245 9.768 20
1.154 0.228 9.761 20
1.171 0.247 9.749 21
1.142 0.221 9.789 20
1.092 0.235 9.756 20
0.955 0.254 9.773 20
0.874 0.254 9.734 20
0.831 0.233 9.742 20
0.797 0.223 9.734 21
0.685 0.257 9.753 20
0.536 0.261 9.734 20
0.45 0.261 9.734 20
0.361 0.249 9.73 20
0.266 0.257 9.737 20
0.115 0.29 9.742 21
0.005 0.283 9.727 20
-0.076 0.288 9.746 20
-0.121 0.302 9.737 20
-0.184 0.302 9.734 20
-0.224 0.292 9.734 20
-0.251 0.29 9.765 21
-0.301 0.295 9.761 20
-0.296 0.292 9.737 20
-0.289 0.29 9.761 20
-0.272 0.302 9.746 20
-0.289 0.302 9.756 20
-0.263 0.29 9.749 21
-0.191 0.3 9.744 20
-0.131 0.319 9.739 20
-0.097 0.28 9.744 20
-0.009 0.273 9.737 20
0.12 0.261 9.734 20
0.215 0.254 9.746 20
0.287 0.276 9.73 21
0.364 0.259 9.742 20
0.476 0.247 9.732 20
0.625 0.24 9.732 20
0.675 0.259 9.758 20
0.706 0.249 9.739 20
0.776 0.266 9.758 21
0.879 0.271 9.734 20
0.948 0.252 9.765 20
0.958 0.252 9.742 20
0.962 0.254 9.763 20
1.015 0.254 9.756 20
1.034 0.237 9.751 21
1.029 0.24 9.765 20
1.013 0.271 9.763 20
0.989 0.271 9.749 20
0.953 0.249 9.744 20
0.895 0.271 9.732 20
0.845 0.268 9.761 21
0.776 0.24 9.756 20
0.701 0.264 9.739 20
0.653 0.28 9.727 20
0.562 0.24 9.746 20
0.483 0.261 9.73 20
0.388 0.264 9.734 21
0.285 0.261 9.758 20
0.199 0.276 9.739 20
0.129 0.295 9.739 20
0.057 0.273 9.746 20
-0.018 0.257 9.763 20
-0.047 0.259 9.742 21
-0.066 0.261 9.758 20
-0.169 0.271 9.746 20
-0.222 0.297 9.727 20
-0.207 0.285 9.744 20
-0.191 0.288 9.739 20
-0.184 0.309 9.753 20
-0.181 0.273 9.758 21
-0.157 0.283 9.751 20
-0.093 0.314 9.746 20
-0.023 0.283 9.73 20
0.038 0.249 9.749 20
0.043 0.302 9.761 20
0.146 0.292 9.732 21
0.261 0.259 9.737 20
0.309 0.266 9.725 20
0.361 0.285 9.732 20
0.421 0.268 9.746 20
0.524 0.242 9.734 20
0.649 0.278 9.746 21
0.694 0.276 9.751 20
0.692 0.242 9.742 20
0.704 0.276 9.753 20
0.778 0.276 9.749 20
0.898 0.259 9.746 20
0.902 0.283 9.763 21
0.852 0.268 9.746 20
0.852 0.245 9.749 20
0.919 0.292 9.751 20
0.914 0.292 9.77 20
0.859 0.247 9.737 20
0.785 0.28 9.737 21
0.749 0.314 9.737 20
0.737 0.266 9.742 20
0.742 0.223 9.751 20
0.673 0.242 9.761 20
0.548 0.259 9.751 20
0.474 0.254 9.751 21
0.45 0.268 9.765 20
0.376 0.302 9.739 20
0.299 0.249 9.742 20
0.242 0.273 9.756 20
0.177 0.295 9.742 20
0.098 0.252 9.734 20
0.057 0.264 9.734 21
0.012 0.324 9.749 20
-0.037 0.295 9.753 20
-0.059 0.245 9.737 20
-0.057 0.292 9.742 20
-0.078 0.324 9.765 20
-0.069 0.24 9.722 21
-0.095 0.237 9.773 20
-0.037 0.266 9.706 20
-0.018 0.331 9.744 20
0.002 0.166 9.742 20
0.069 0.257 9.742 20
0.158 0.328 9.742 21
0.285 0.118 9.756 20
0.266 0.122 9.742 20
0.249 0.319 9.718 20
0.359 0.225 9.761 20
0.546 0.106 9.732 20
0.546 0.237 9.727 21
0.553 0.278 9.751 20
0.527 0.197 9.773 20
0.649 0.213 9.734 20
0.797 0.292 9.765 20
0.859 0.221 9.737 20
0.699 0.178 9.727 20
0.653 0.348 9.785 21
0.898 0.309 9.73 20
1.046 0.197 9.751 20
0.778 0.304 9.756 20
0.644 0.371 9.715 20
0.709 0.29 9.737 20
0.859 0.271 9.763 21
0.895 0.28 9.763 20
0.747 0.252 9.739 20
0.493 0.271 9.746 20
0.517 0.288 9.744 20
0.67 0.242 9.739 20
0.658 0.201 9.756 21
0.45 0.235 9.751 20
0.251 0.254 9.732 20
0.28 0.225 9.732 20
0.352 0.221 9.751 20
0.347 0.218 9.753 20
0.179 0.201 9.742 21
0.038 0.209 9.749 20
0.086 0.254 9.756 20
0.117 0.24 9.739 20
0.115 0.192 9.744 20
0.007 0.252 9.753 20
-0.064 0.264 9.742 21
0.017 0.247 9.749 20
0.098 0.247 9.739 20
0.05 0.283 9.746 20
0.014 0.254 9.732 20
0.074 0.249 9.744 20
0.151 0.312 9.758 21
0.213 0.295 9.732 20
0.179 0.254 9.749 20
0.208 0.273 9.732 20
0.297 0.328 9.742 20
0.414 0.273 9.746 20
0.464 0.247 9.746 21
0.421 0.288 9.732 20
0.438 0.295 9.725 20
0.582 0.254 9.734 20
0.639 0.233 9.732 20
0.641 0.249 9.749 20
0.661 0.261 9.725 21
0.663 0.24 9.751 20
0.718 0.23 9.751 20
0.771 0.23 9.756 20
0.788 0.206 9.753 20
0.713 0.201 9.761 20
0.701 0.257 9.751 20
0.766 0.23 9.749 21
0.78 0.211 9.753 20
0.704 0.235 9.758 20
0.618 0.228 9.72 20
0.608 0.245 9.744 20
0.618 0.245 9.758 20
0.601 0.228 9.744 21
0.531 0.247 9.746 20
0.457 0.261 9.737 20
0.409 0.273 9.742 20
0.4 0.283 9.749 20
0.347 0.257 9.746 20
0.302 0.266 9.751 21
0.237 0.3 9.751 20
0.177 0.259 9.751 20
0.17 0.276 9.739 20
0.165 0.288 9.756 20
0.158 0.233 9.744 20
0.067 0.254 9.768 21
0.069 0.276 9.751 20
0.1 0.276 9.751 20
0.129 0.228 9.746 20
0.11 0.245 9.73 20
0.06 0.268 9.749 20
0.108 0.249 9.749 21
0.213 0.237 9.742 20
0.246 0.213 9.753 20
0.22 0.221 9.742 20
0.223 0.245 9.756 20
0.302 0.235 9.739 20
0.385 0.233 9.77 21
0.44 0.23 9.742 20
0.457 0.23 9.751 20
0.455 0.245 9.749 20
0.51 0.249 9.749 20
0.565 0.24 9.727 20
0.584 0.266 9.725 21
0.584 0.268 9.742 20
0.601 0.257 9.742 20
0.639 0.292 9.765 20
0.682 0.29 9.758 20
0.699 0.249 9.753 20
0.663 0.264 9.749 21
0.661 0.29 9.744 20
0.689 0.264 9.756 20
0.694 0.257 9.73 20
0.665 0.266 9.727 20
0.618 0.249 9.749 20
0.579 0.268 9.761 20
0.603 0.235 9.732 21
0.577 0.216 9.756 20
0.491 0.24 9.753 20
0.476 0.254 9.732 20
0.483 0.23 9.753 20
0.44 0.221 9.761 20
0.359 0.249 9.742 21
0.349 0.24 9.734 20
0.292 0.209 9.761 20
0.278 0.242 9.751 20
0.246 0.259 9.756 20
0.208 0.225 9.744 20
0.182 0.245 9.746 21
0.16 0.28 9.756 20
0.177 0.254 9.742 20
0.17 0.249 9.749 20
0.134 0.261 9.739 20
0.134 0.29 9.749 20
0.158 0.259 9.749 21
0.201 0.259 9.739 20
0.23 0.29 9.746 20
0.211 0.273 9.751 20
0.206 0.257 9.746 20
0.27 0.288 9.742 20
0.366 0.261 9.761 21
0.407 0.24 9.758 20
0.395 0.254 9.746 20
0.352 0.273 9.746 20
0.412 0.261 9.749 20
0.541 0.237 9.749 20
0.541 0.233 9.756 21
0.488 0.242 9.756 20
0.529 0.245 9.734 20
0.608 0.242 9.749 20
0.634 0.24 9.734 20
0.61 0.233 9.777 20
0.603 0.247 9.746 21
0.632 0.252 9.734 20
0.646 0.235 9.761 20
0.646 0.254 9.765 20
0.61 0.252 9.737 20
0.596 0.216 9.737 20
0.601 0.23 9.744 21
0.627 0.254 9.73 20
0.577 0.237 9.753 20
0.488 0.249 9.77 20
0.488 0.276 9.749 20
0.503 0.268 9.727 20
0.479 0.261 9.739 21
0.412 0.254 9.749 20
0.359 0.257 9.734 20
0.347 0.252 9.732 20
0.349 0.266 9.742 20
0.33 0.264 9.727 20
0.232 0.268 9.744 21
0.203 0.247 9.746 20
0.225 0.254 9.744 20
0.258 0.254 9.742 20
0.211 0.252 9.737 20
0.17 0.257 9.744 20
0.172 0.23 9.751 21
0.234 0.245 9.751 20
0.242 0.268 9.753 20
0.213 0.245 9.737 20
0.187 0.225 9.727 20
0.246 0.242 9.737 20
0.333 0.252 9.763 21
0.33 0.235 9.751 20
0.29 0.249 9.753 20
0.337 0.252 9.756 20
0.385 0.252 9.742 20
0.448 0.264 9.746 20
0.472 0.254 9.751 20
0.452 0.23 9.758 21
0.443 0.245 9.739 20
0.517 0.268 9.758 20
0.594 0.261 9.756 20
0.56 0.249 9.744 20
0.522 0.264 9.744 20
0.565 0.268 9.744 21
0.632 0.259 9.749 20
0.634 0.264 9.758 20
0.596 0.276 9.753 20
0.565 0.257 9.744 20
0.56 0.266 9.763 20
0.601 0.254 9.758 21
0.596 0.249 9.753 20
0.531 0.247 9.73 20
0.491 0.257 9.746 20
0.483 0.257 9.756 20
0.515 0.23 9.756 21
0.505 0.233 9.718 20
0.436 0.259 9.744 20
0.361 0.233 9.737 20
0.369 0.233 9.727 20
0.388 0.24 9.756 20
0.359 0.254 9.737 20
0.282 0.247 9.744 21
0.244 0.247 9.746 20
0.261 0.264 9.732 20
0.323 0.242 9.761 20
0.306 0.225 9.749 20
0.211 0.268 9.758 20
0.17 0.288 9.746 21
0.201 0.278 9.756 20
0.313 0.254 9.753 20
0.309 0.264 9.746 20
0.227 0.271 9.749 20
0.201 0.28 9.753 20
0.294 0.276 9.751 21
0.393 0.257 9.744 20
0.357 0.252 9.751 20
0.309 0.271 9.744 20
0.325 0.271 9.749 20
0.412 0.24 9.744 20
0.483 0.252 9.739 21
0.452 0.257 9.749 20
0.431 0.259 9.746 20
0.45 0.252 9.739 20
0.546 0.233 9.739 20
0.562 0.242 9.768 20
0.505 0.237 9.751 21
0.505 0.257 9.727 20
0.548 0.259 9.761 20
0.613 0.223 9.751 20
0.567 0.254 9.756 20
0.543 0.261 9.749 20
0.51 0.235 9.744 21
0.565 0.257 9.73 20
0.567 0.261 9.746 20
0.539 0.249 9.742 20
0.486 0.235 9.761 20
0.464 0.254 9.751 20
0.503 0.252 9.765 21
0.493 0.235 9.744 20
0.455 0.237 9.761 20
0.385 0.252 9.739 20
0.388 0.259 9.737 20
0.407 0.257 9.739 20
0.383 0.259 9.763 21
0.318 0.257 9.749 20
0.287 0.235 9.753 20
0.333 0.257 9.751 20
0.359 0.285 9.722 20
0.313 0.254 9.749 20
0.251 0.235 9.749 21
0.211 0.264 9.749 20
0.285 0.252 9.746 20
0.349 0.237 9.737 20
0.268 0.24 9.749 20
0.242 0.28 9.749 20
0.297 0.261 9.742 20
0.342 0.211 9.763 21
0.359 0.257 9.753 20
0.321 0.264 9.744 20
0.297 0.23 9.746 20
0.388 0.245 9.756 20
0.433 0.254 9.746 20
0.44 0.228 9.727 21
0.378 0.24 9.756 20
0.419 0.276 9.753 20
0.488 0.257 9.739 20
0.507 0.235 9.763 20
0.491 0.276 9.763 20
0.455 0.276 9.744 21
0.507 0.247 9.727 20
0.553 0.268 9.732 20
0.539 0.261 9.73 20
0.495 0.261 9.751 20
0.507 0.268 9.744 20
0.541 0.24 9.737 21
0.536 0.247 9.761 20
0.507 0.259 9.751 20
0.483 0.249 9.744 20
0.498 0.254 9.753 20
0.493 0.252 9.746 20
0.486 0.233 9.737 21
0.462 0.228 9.749 20
0.424 0.259 9.756 20
0.426 0.261 9.744 20
0.431 0.249 9.756 20
0.421 0.223 9.739 20
0.371 0.252 9.739 21
0.335 0.257 9.742 20
0.359 0.242 9.737 20
0.364 0.242 9.739 20
0.335 0.257 9.742 20
0.297 0.271 9.744 20
0.316 0.242 9.742 21
0.349 0.261 9.753 20
0.325 0.268 9.742 20
0.325 0.257 9.739 20
0.304 0.261 9.763 20
0.287 0.257 9.746 20
0.345 0.261 9.725 21
0.373 0.257 9.749 20
0.311 0.225 9.746 20
0.316 0.252 9.739 20
0.357 0.254 9.758 20
0.409 0.24 9.744 20
0.419 0.245 9.73 20
0.385 0.249 9.756 21
0.416 0.235 9.756 20
0.438 0.252 9.765 20
0.455 0.259 9.749 20
0.483 0.254 9.749 20
0.469 0.233 9.746 20
0.457 0.254 9.751 21
0.479 0.268 9.753 20
0.51 0.233 9.768 20
0.522 0.225 9.746 20
0.495 0.271 9.739 20
0.491 0.245 9.744 20
0.503 0.24 9.742 21
0.486 0.261 9.758 20
0.495 0.245 9.739 20
0.495 0.254 9.739 20
0.476 0.271 9.777 20
0.488 0.259 9.758 20
0.464 0.245 9.739 21
0.44 0.264 9.727 20
0.445 0.257 9.761 20
0.44 0.261 9.751 20
0.452 0.254 9.718 20
0.409 0.249 9.734 20
0.402 0.235 9.742 21
0.349 0.273 9.761 20
0.378 0.261 9.737 20
0.4 0.235 9.742 20
0.364 0.245 9.756 20
0.325 0.254 9.746 20
0.309 0.266 9.751 21
0.347 0.24 9.734 20
0.347 0.245 9.742 20
0.325 0.264 9.746 20
0.29 0.261 9.758 20
0.321 0.259 9.761 20
0.335 0.247 9.751 21
0.357 0.249 9.746 20
0.364 0.24 9.732 20
0.361 0.242 9.746 20
0.378 0.268 9.742 20
0.385 0.268 9.753 20
0.424 0.252 9.742 21
0.407 0.249 9.77 20
0.409 0.266 9.73 20
0.445 0.254 9.739 20
0.438 0.247 9.732 20
0.455 0.261 9.744 20
0.438 0.271 9.77 21
0.472 0.254 9.761 20
0.472 0.245 9.744 20
0.481 0.259 9.746 20
0.469 0.261 9.746 20
0.472 0.247 9.739 20
0.472 0.257 9.751 21
0.495 0.276 9.739 20
0.515 0.266 9.737 20
0.464 0.225 9.749 20
0.455 0.264 9.746 20
0.436 0.261 9.751 20
0.483 0.24 9.737 21
0.472 0.268 9.763 20
0.452 0.254 9.749 20
0.383 0.235 9.727 20
0.402 0.24 9.734 20
0.419 0.261 9.768 20
0.443 0.245 9.734 21
0.39 0.216 9.744 20
0.352 0.249 9.739 20
0.345 0.273 9.751 20
0.388 0.233 9.746 20
0.419 0.235 9.739 20
0.313 0.261 9.758 21
0.302 0.271 9.742 20
0.337 0.259 9.746 20
0.414 0.254 9.749 20
0.385 0.24 9.753 20
0.323 0.252 9.742 20
0.299 0.283 9.742 21
0.376 0.264 9.737 20
0.445 0.242 9.744 20
0.366 0.259 9.756 20
0.33 0.283 9.73 20
0.359 0.264 9.749 20
0.433 0.23 9.756 20
0.457 0.271 9.761 21
0.383 0.28 9.746 20
0.378 0.242 9.732 20
0.404 0.259 9.744 20
0.467 0.259 9.732 20
0.45 0.245 9.758 20
0.457 0.247 9.758 21
0.438 0.254 9.746 20
0.443 0.266 9.732 20
0.483 0.247 9.742 20
0.486 0.254 9.753 20
0.452 0.23 9.739 20
0.45 0.257 9.746 21
0.472 0.276 9.739 20
0.472 0.254 9.742 20
0.46 0.23 9.746 20
0.443 0.276 9.746 20
0.455 0.261 9.739 20
0.462 0.233 9.758 21
0.436 0.24 9.749 20
0.416 0.264 9.744 20
0.416 0.261 9.758 20
0.464 0.245 9.751 20
0.45 0.24 9.742 20
0.388 0.266 9.734 21
0.366 0.278 9.734 20
0.407 0.254 9.744 20
0.421 0.23 9.732 20
0.373 0.261 9.739 20
0.39 0.266 9.744 20
0.378 0.257 9.746 21
0.404 0.228 9.734 20
0.385 0.245 9.758 20
0.352 0.273 9.751 20
0.352 0.259 9.742 20
0.357 0.264 9.749 20
0.395 0.254 9.73 21
0.385 0.259 9.742 20
0.378 0.252 9.758 20
0.39 0.24 9.749 20
0.416 0.259 9.753 20
0.412 0.24 9.742 20
0.376 0.247 9.734 21
0.383 0.254 9.758 20
0.438 0.242 9.746 20
0.462 0.245 9.751 20
0.414 0.252 9.734 20
0.378 0.237 9.749 20
0.445 0.249 9.756 21
0.472 0.254 9.756 20
0.476 0.247 9.737 20
0.433 0.276 9.751 20
0.393 0.273 9.737 20
0.474 0.247 9.734 20
0.505 0.252 9.773 20
0.46 0.254 9.744 21
0.397 0.273 9.742 20
0.436 0.247 9.737 20
0.452 0.245 9.751 20
0.486 0.259 9.751 20
0.443 0.254 9.742 20
0.402 0.247 9.715 21
0.388 0.266 9.746 20
0.474 0.257 9.746 20
0.476 0.218 9.737 20
0.407 0.247 9.739 20
0.347 0.273 9.768 20
0.407 0.242 9.73 21
0.438 0.223 9.742 20
0.419 0.252 9.749 20
0.342 0.271 9.753 20
0.337 0.245 9.756 20
0.416 0.254 9.727 20
0.428 0.242 9.734 21
0.361 0.261 9.751 20
0.34 0.257 9.761 20
0.357 0.254 9.746 20
0.383 0.261 9.765 20
0.416 0.254 9.744 20
0.395 0.235 9.742 21
0.347 0.24 9.765 20
0.383 0.252 9.742 20
0.409 0.273 9.749 20
0.424 0.259 9.753 20
0.412 0.249 9.763 20
0.385 0.28 9.742 21
0.407 0.257 9.746 20
0.452 0.245 9.753 20
0.467 0.237 9.727 20
0.431 0.254 9.739 20
0.412 0.261 9.73 20
0.428 0.259 9.742 21
0.483 0.247 9.746 20
0.474 0.252 9.753 20
0.424 0.242 9.744 20
0.419 0.247 9.77 20
0.452 0.259 9.749 20
0.469 0.249 9.737 21
0.45 0.235 9.761 20
0.407 0.264 9.739 20
0.409 0.257 9.746 20
0.462 0.237 9.756 20
0.445 0.247 9.753 20
0.412 0.261 9.744 21
0.409 0.268 9.739 20
0.426 0.235 9.734 20
0.44 0.242 9.758 20
0.421 0.24 9.761 20
0.388 0.242 9.744 20
0.381 0.259 9.749 20
0.44 0.252 9.732 21
0.416 0.252 9.768 20
0.402 0.249 9.706 20
0.366 0.268 9.751 20
0.383 0.257 9.77 20
0.404 0.261 9.753 20
0.4 0.233 9.734 21
0.376 0.249 9.744 20
0.378 0.273 9.758 20
0.419 0.228 9.744 20
0.407 0.24 9.746 20
0.39 0.24 9.73 20
0.369 0.261 9.756 21
0.388 0.271 9.77 20

# Completed @Wed Aug 02 01:39:57 GMT+08:00 2017
