0.064 0.278 9.775 0
0.067 0.316 9.775 20
0.076 0.312 9.753 20
0.086 0.297 9.78 20
0.062 0.345 9.77 20
0.029 0.376 9.782 20
0.002 0.374 9.789 20
-0.023 0.376 9.77 20
-0.006 0.388 9.789 21
0.069 0.336 9.787 20
0.117 0.247 9.794 20
0.268 0.003 9.77 20
0.263 -0.078 9.763 20
-0.057 0.137 9.768 20
-0.174 0.199 9.768 20
-0.035 0.034 9.775 21
-0.057 0.163 9.77 20
-0.167 0.371 9.768 20
-0.128 0.288 9.77 20
-0.102 0.182 9.765 20
-0.1 0.314 9.765 20
0.043 0.395 9.777 20
0.096 0.355 9.777 20
0.038 0.324 9.777 21
0.132 0.28 9.768 20
0.287 0.331 9.789 20
0.292 0.427 9.787 20
0.28 0.381 9.794 20
0.304 0.328 9.785 20
0.29 0.367 9.775 20
0.345 0.393 9.768 21
0.402 0.395 9.811 20
0.359 0.431 9.799 20
0.33 0.333 9.77 20
0.395 0.259 9.775 20
0.385 0.374 9.785 20
0.359 0.405 9.787 20
0.357 0.283 9.787 20
0.304 0.24 9.773 21
0.285 0.302 9.775 20
0.311 0.288 9.777 20
0.263 0.261 9.775 20
0.187 0.257 9.787 20
0.182 0.206 9.794 20
0.172 0.218 9.797 20
0.134 0.264 9.78 20
0.11 0.28 9.787 21
0.06 0.245 9.787 20
0.024 0.233 9.773 20
0.012 0.261 9.797 20
-0.002 0.29 9.782 20
-0.052 0.292 9.768 20
-0.095 0.264 9.785 20
-0.088 0.29 9.777 21
-0.095 0.328 9.773 20
-0.081 0.316 9.773 20
-0.107 0.307 9.77 20
-0.131 0.338 9.77 20
-0.093 0.331 9.775 20
-0.078 0.336 9.777 20
-0.073 0.364 9.78 20
-0.09 0.331 9.78 21
-0.045 0.295 9.787 20
-0.014 0.331 9.773 20
0.017 0.338 9.775 20
0.05 0.312 9.777 20
0.055 0.278 9.773 20
0.067 0.3 9.78 20
0.134 0.285 9.777 21
0.179 0.276 9.78 20
0.167 0.273 9.787 20
0.177 0.261 9.799 20
0.215 0.257 9.777 20
0.254 0.273 9.78 20
0.268 0.278 9.78 20
0.28 0.266 9.777 20
0.282 0.252 9.799 21
0.306 0.285 9.78 20
0.333 0.304 9.777 20
0.328 0.292 9.804 20
0.306 0.302 9.794 20
0.275 0.307 9.782 20
0.273 0.324 9.792 20
0.275 0.326 9.801 20
0.28 0.326 9.777 21
0.234 0.34 9.765 20
0.22 0.338 9.78 20
0.215 0.336 9.792 20
0.179 0.343 9.777 20
0.158 0.343 9.785 20
0.134 0.333 9.77 20
0.105 0.34 9.777 21
0.105 0.326 9.78 20
0.031 0.285 9.782 20
0.017 0.336 9.789 20
0.031 0.297 9.78 20
0.009 0.259 9.792 20
-0.061 0.345 9.775 20
0.007 0.29 9.773 20
-0.002 0.221 9.777 21
-0.071 0.283 9.789 20
-0.045 0.271 9.792 20
-0.016 0.233 9.782 20
-0.069 0.259 9.78 20
-0.035 0.278 9.773 20
-0.002 0.247 9.756 20
-0.04 0.276 9.785 21
-0.006 0.278 9.777 20
0.024 0.249 9.792 20
0.007 0.273 9.78 20
0.041 0.288 9.77 20
0.093 0.288 9.775 20
0.069 0.312 9.763 20
0.081 0.307 9.782 20
0.117 0.297 9.768 21
0.136 0.345 9.777 20
0.165 0.343 9.77 20
0.218 0.3 9.785 20
0.211 0.338 9.787 20
0.201 0.357 9.785 20
0.237 0.343 9.799 20
0.249 0.345 9.787 21
0.256 0.345 9.765 20
0.27 0.304 9.777 20
0.256 0.312 9.785 20
0.263 0.321 9.768 20
0.263 0.3 9.785 20
0.261 0.288 9.777 20
0.234 0.304 9.78 20
0.218 0.285 9.78 21
0.22 0.278 9.785 20
0.208 0.283 9.785 20
0.187 0.266 9.777 20
0.172 0.278 9.782 20
0.141 0.29 9.777 20
0.146 0.295 9.775 20
0.129 0.285 9.775 20
0.072 0.268 9.765 21
0.057 0.295 9.768 20
0.064 0.28 9.775 20
0.041 0.302 9.768 20
0.033 0.3 9.78 20
0.012 0.285 9.797 20
-0.002 0.297 9.775 20
0.007 0.319 9.77 21
0.007 0.302 9.775 20
-0.006 0.316 9.782 20
-0.016 0.324 9.782 20
-0.009 0.319 9.768 20
-0.009 0.314 9.782 20
0.007 0.307 9.777 20
0.0 0.304 9.775 20
0.024 0.314 9.787 21
0.038 0.304 9.792 20
0.069 0.316 9.782 20
0.069 0.295 9.797 20
0.072 0.288 9.792 20
0.1 0.285 9.777 20
0.12 0.283 9.782 20
0.127 0.28 9.787 21
0.136 0.283 9.789 20
0.151 0.273 9.792 20
0.167 0.295 9.785 20
0.184 0.28 9.77 20
0.201 0.276 9.787 20
0.196 0.309 9.797 20
0.206 0.292 9.777 20
0.215 0.28 9.782 21
0.218 0.297 9.787 20
0.227 0.297 9.78 20
0.23 0.297 9.787 20
0.208 0.312 9.794 20
0.203 0.307 9.799 20
0.218 0.307 9.792 20
0.196 0.324 9.78 21
0.187 0.324 9.794 20
0.17 0.321 9.77 20
0.153 0.326 9.782 20
0.153 0.316 9.782 20
0.129 0.314 9.799 20
0.127 0.314 9.804 20
0.098 0.304 9.789 20
0.086 0.297 9.777 21
0.055 0.29 9.782 20
0.074 0.288 9.785 20
0.041 0.285 9.777 20
0.026 0.292 9.782 20
0.033 0.276 9.787 20
0.019 0.273 9.768 20
0.017 0.285 9.775 20
0.019 0.285 9.77 21
0.009 0.271 9.77 20
0.017 0.283 9.78 20
0.029 0.283 9.775 20
0.033 0.292 9.789 20
0.041 0.285 9.785 20
0.033 0.278 9.773 20
0.048 0.292 9.777 21
0.067 0.292 9.782 20
0.069 0.29 9.77 20
0.081 0.297 9.777 20
0.105 0.307 9.787 20
0.124 0.304 9.782 20
0.122 0.314 9.787 20
0.12 0.309 9.773 20
0.134 0.314 9.792 21
0.143 0.324 9.794 20
0.158 0.312 9.785 20
0.165 0.319 9.787 20
0.17 0.321 9.78 20
0.17 0.3 9.785 20
0.189 0.312 9.787 20
0.213 0.326 9.782 21
0.196 0.302 9.775 20
0.208 0.307 9.797 20
0.199 0.3 9.785 20
0.187 0.29 9.787 20
0.196 0.295 9.782 20
0.191 0.304 9.77 20
0.179 0.29 9.787 20
0.167 0.29 9.787 21
0.158 0.29 9.787 20
0.151 0.288 9.78 20
0.141 0.283 9.785 20
0.136 0.297 9.797 20
0.11 0.29 9.775 20
0.1 0.302 9.785 20
0.098 0.316 9.799 21
0.079 0.29 9.789 20
0.086 0.285 9.785 20
0.076 0.314 9.775 20
0.05 0.302 9.789 20
0.038 0.295 9.792 20
0.045 0.307 9.789 20
0.033 0.3 9.782 20
0.024 0.304 9.768 21
0.043 0.304 9.765 20
0.05 0.304 9.777 20
0.048 0.295 9.775 20
0.057 0.312 9.789 20
0.074 0.3 9.782 20
0.05 0.29 9.773 20
0.076 0.297 9.763 21
0.091 0.3 9.768 20
0.098 0.288 9.789 20
0.105 0.29 9.763 20
0.112 0.285 9.787 20
0.129 0.285 9.773 20
0.136 0.28 9.775 20
0.136 0.271 9.782 20
0.153 0.28 9.782 21
0.153 0.295 9.777 20
0.16 0.29 9.77 20
0.163 0.302 9.789 20
0.179 0.29 9.782 20
0.175 0.295 9.782 20
0.179 0.302 9.782 20
0.194 0.3 9.775 21
0.184 0.295 9.773 20
0.194 0.314 9.787 20
0.187 0.319 9.785 20
0.165 0.314 9.789 20
0.17 0.302 9.782 20
0.151 0.314 9.792 20
0.151 0.314 9.797 20
0.148 0.312 9.78 21
0.129 0.319 9.78 20
0.129 0.314 9.775 20
0.124 0.314 9.77 20
0.11 0.316 9.782 20
0.096 0.302 9.785 20
0.098 0.292 9.782 20
0.1 0.283 9.787 21
0.072 0.292 9.792 20
0.057 0.3 9.799 20
0.055 0.302 9.782 20
0.067 0.295 9.78 20
0.055 0.29 9.782 20
0.057 0.3 9.777 20
0.045 0.292 9.782 20
0.055 0.288 9.782 21
0.069 0.28 9.768 20
0.06 0.3 9.768 20
0.055 0.288 9.787 20
0.076 0.283 9.78 20
0.074 0.3 9.775 20
0.084 0.288 9.78 20
0.103 0.295 9.794 20
0.1 0.295 9.782 21
0.091 0.312 9.787 20
0.122 0.312 9.794 20
0.124 0.309 9.787 20
0.127 0.292 9.775 20
0.122 0.316 9.789 20
0.141 0.314 9.78 20
0.153 0.3 9.768 21
0.155 0.3 9.775 20
0.16 0.309 9.787 20
0.151 0.314 9.78 20
0.16 0.292 9.768 20
0.177 0.3 9.787 20
0.175 0.326 9.78 20
0.175 0.316 9.785 21
0.16 0.302 9.773 20
0.155 0.3 9.782 20
0.16 0.292 9.773 20
0.16 0.3 9.797 20
0.139 0.283 9.785 20
0.139 0.288 9.797 20
0.129 0.307 9.785 20
0.124 0.304 9.758 21
0.117 0.302 9.763 20
0.124 0.285 9.773 20
0.117 0.292 9.763 20
0.108 0.297 9.785 20
0.103 0.307 9.77 20
0.091 0.3 9.775 20
0.091 0.302 9.785 20
0.072 0.304 9.787 21
0.079 0.285 9.775 20
0.093 0.309 9.782 20
0.084 0.295 9.775 20
0.06 0.288 9.799 20
0.069 0.29 9.801 20
0.076 0.316 9.787 20
0.081 0.29 9.797 21
0.072 0.309 9.806 20
0.084 0.3 9.782 20
0.088 0.297 9.775 20
0.091 0.285 9.789 20
0.1 0.29 9.789 20
0.098 0.297 9.785 20
0.091 0.288 9.782 20
0.11 0.295 9.77 21
0.108 0.285 9.782 20
0.129 0.285 9.785 20
0.124 0.304 9.799 20
0.132 0.3 9.77 20
0.136 0.285 9.78 20
0.146 0.297 9.797 20
0.153 0.295 9.78 21
0.153 0.302 9.773 20
0.146 0.302 9.789 20
0.134 0.302 9.782 20
0.141 0.302 9.773 20
0.139 0.292 9.768 20
0.143 0.302 9.804 20
0.143 0.295 9.794 20
0.146 0.302 9.763 21
0.146 0.304 9.785 20
0.129 0.3 9.792 20
0.127 0.309 9.775 20
0.129 0.297 9.782 20
0.117 0.307 9.768 20
0.124 0.314 9.768 20
0.12 0.3 9.789 21
0.112 0.3 9.78 20
0.1 0.295 9.777 20
0.1 0.302 9.77 20
0.091 0.297 9.77 20
0.1 0.295 9.77 20
0.098 0.3 9.785 20
0.091 0.295 9.78 20
0.086 0.285 9.785 21
0.081 0.3 9.785 20
0.079 0.297 9.775 20
0.098 0.309 9.768 20
0.088 0.295 9.777 20
0.081 0.302 9.77 20
0.091 0.292 9.789 20
0.088 0.307 9.78 21
0.105 0.3 9.794 20
0.091 0.3 9.804 20
0.096 0.29 9.761 20
0.11 0.295 9.775 20
0.103 0.304 9.775 20
0.108 0.304 9.792 20
0.132 0.302 9.775 20
0.117 0.292 9.777 21
0.11 0.292 9.782 20
0.139 0.302 9.789 20
0.139 0.309 9.787 20
0.139 0.314 9.799 20
0.141 0.312 9.794 20
0.153 0.288 9.782 20
0.139 0.3 9.794 21
0.134 0.302 9.794 20
0.151 0.3 9.773 20
0.151 0.314 9.773 20
0.146 0.3 9.768 20
0.148 0.297 9.77 20
0.141 0.288 9.799 20
0.139 0.297 9.804 20
0.134 0.3 9.777 21
0.134 0.288 9.765 20
0.117 0.3 9.777 20
0.132 0.297 9.801 20
0.112 0.3 9.789 20
0.112 0.307 9.761 20
0.103 0.292 9.775 20
0.115 0.309 9.787 21
0.112 0.297 9.768 20
0.12 0.29 9.77 20
0.096 0.304 9.785 20
0.088 0.3 9.777 20
0.096 0.309 9.775 20
0.096 0.312 9.78 20
0.076 0.312 9.768 20
0.091 0.304 9.787 21
0.091 0.292 9.773 20
0.096 0.295 9.785 20
0.096 0.295 9.785 20
0.084 0.304 9.785 20
0.098 0.297 9.765 20
0.1 0.29 9.787 20
0.1 0.307 9.785 21
0.1 0.295 9.768 20
0.115 0.29 9.777 20
0.11 0.3 9.787 20
0.115 0.295 9.765 20
0.11 0.285 9.756 20
0.112 0.307 9.787 20
0.124 0.307 9.768 20
0.139 0.307 9.792 21
0.136 0.304 9.792 20
0.134 0.302 9.787 20
0.132 0.307 9.789 20
0.124 0.292 9.77 20
0.141 0.304 9.765 20
0.143 0.304 9.794 20
0.139 0.304 9.777 21
0.148 0.3 9.782 20
0.124 0.297 9.785 20
0.134 0.3 9.78 20
0.136 0.292 9.777 20
0.139 0.297 9.787 20
0.112 0.307 9.773 20
0.12 0.304 9.782 20
0.115 0.292 9.789 21
0.124 0.302 9.792 20
0.122 0.312 9.78 20
0.103 0.297 9.777 20
0.112 0.285 9.775 20
0.108 0.288 9.78 20
0.103 0.285 9.78 20
0.091 0.295 9.775 20
0.093 0.292 9.797 21
0.1 0.3 9.792 20
0.093 0.304 9.782 20
0.091 0.302 9.782 20
0.103 0.29 9.785 20
0.093 0.29 9.765 20
0.091 0.292 9.785 20
0.1 0.307 9.777 21
0.1 0.285 9.78 20
0.108 0.295 9.749 20
0.086 0.264 9.749 20
-0.131 0.264 9.821 20
-0.064 0.544 9.54 20
0.129 0.711 10.273 20
-0.521 -0.501 9.888 20
-0.251 -0.116 9.564 21
0.299 1.03 9.526 20
0.251 0.369 9.679 20
0.4 -0.003 9.811 20
0.579 0.465 9.232 20
1.305 0.824 9.904 20
2.969 0.053 9.785 20
2.772 -0.317 9.16 20
2.083 0.345 10.22 21
3.096 -0.24 9.32 20
3.287 0.381 10.692 20
4.542 0.601 9.576 20
4.218 -1.05 10.086 20
3.105 -0.03 9.988 20
3.471 0.324 10.237 20
4.74 -0.327 10.074 21
4.221 -0.43 10.704 20
3.761 -0.403 10.527 20
5.265 -0.075 10.302 20
5.451 -0.853 9.71 20
2.131 0.81 8.748 20
-2.752 1.305 8.489 20
-3.763 -0.205 9.236 20
-1.618 0.553 9.299 21
1.015 2.213 8.99 20
-0.035 1.2 8.875 20
-4.95 0.321 9.349 20
-7.685 1.48 10.362 20
-5.044 1.973 10.141 20
-2.793 1.231 9.375 20
-2.997 1.023 9.404 21
-5.851 1.317 10.105 20
-7.898 0.764 11.123 20
-6.226 0.077 10.817 20
-3.32 0.582 9.617 20
-3.492 0.589 9.593 20
-5.499 -0.726 10.297 20
-6.073 -0.916 10.668 20
-4.78 -0.267 10.182 21
-2.724 -0.825 9.488 20
-1.838 -1.497 9.339 20
-2.559 -1.148 9.61 20
-3.279 -0.686 9.773 20
-2.472 -0.755 9.435 20
-0.315 -0.832 9.138 20
0.95 -0.691 9.148 20
0.539 -0.418 9.291 21
-0.14 -0.233 9.354 20
0.409 -0.042 9.27 20
2.047 0.103 9.244 20
3.397 0.017 9.536 20
3.443 0.151 9.734 20
2.674 0.374 9.682 20
2.633 0.168 9.636 21
3.524 0.541 9.83 20
4.702 0.788 10.206 20
5.241 0.97 10.362 20
4.659 0.98 10.228 20
4.47 0.845 10.096 20
4.819 1.035 10.266 20
5.281 1.257 10.426 20
5.107 1.087 10.395 21
4.252 1.178 10.137 20
3.756 1.233 9.995 20
3.646 1.061 9.981 20
3.316 0.925 9.919 20
2.789 0.855 9.753 20
2.006 0.788 9.576 20
1.479 0.532 9.531 21
1.42 0.312 9.492 20
1.183 0.266 9.476 20
0.596 0.182 9.406 20
0.067 -0.094 9.409 20
-0.267 -0.2 9.435 20
-0.464 -0.288 9.454 20
-1.021 -0.358 9.447 20
-1.601 -0.3 9.54 21
-2.037 -0.169 9.607 20
-2.544 -0.272 9.727 20
-2.918 -0.442 9.761 20
-3.097 -0.413 9.816 20
-3.341 -0.264 9.854 20
-3.669 -0.176 9.945 20
-3.765 -0.214 10.002 21
-3.701 -0.224 10.026 20
-3.674 -0.13 10.036 20
-3.413 -0.023 10.0 20
-3.217 0.106 9.95 20
-3.198 0.158 9.933 20
-2.987 0.13 9.902 20
-2.729 0.266 9.837 20
-2.432 0.412 9.739 21
-2.137 0.489 9.679 20
-1.919 0.489 9.622 20
-1.62 0.513 9.605 20
-1.156 0.465 9.536 20
-0.579 0.546 9.466 20
-0.025 0.608 9.449 20
0.419 0.515 9.481 21
0.73 0.472 9.483 20
1.195 0.386 9.519 20
1.848 0.362 9.579 20
2.416 0.383 9.679 20
2.748 0.259 9.765 20
2.856 0.201 9.804 20
3.029 0.209 9.873 20
3.45 0.216 9.943 21
3.852 0.254 10.053 20
3.955 0.261 10.117 20
3.902 0.209 10.125 20
3.84 0.228 10.101 20
3.864 0.316 10.127 20
3.845 0.422 10.134 20
3.713 0.393 10.062 21
3.414 0.4 9.962 20
3.1 0.431 9.895 20
2.827 0.474 9.825 20
2.447 0.541 9.758 20
1.987 0.525 9.658 20
1.515 0.52 9.615 20
1.08 0.494 9.583 20
0.67 0.541 9.56 21
0.191 0.577 9.524 20
-0.296 0.484 9.512 20
-0.761 0.403 9.526 20
-1.163 0.415 9.569 20
-1.436 0.431 9.615 20
-1.697 0.453 9.667 20
-2.053 0.379 9.691 21
-2.453 0.237 9.782 20
-2.712 0.187 9.842 20
-2.776 0.218 9.854 20
-2.8 0.228 9.871 20
-2.855 0.094 9.897 20
-2.958 -0.039 9.9 20
-2.994 -0.102 9.943 20
-2.798 -0.123 9.919 21
-2.535 -0.087 9.866 20
-2.46 -0.102 9.84 20
-2.357 -0.138 9.842 20
-2.063 -0.128 9.782 20
-1.721 -0.09 9.727 20
-1.347 -0.039 9.696 20
-1.045 0.012 9.66 21
-0.811 0.077 9.627 20
-0.533 0.17 9.627 20
-0.102 0.249 9.605 20
0.364 0.309 9.617 20
0.692 0.367 9.61 20
0.941 0.393 9.622 20
1.264 0.46 9.677 20
1.633 0.496 9.706 21
1.98 0.527 9.753 20
2.231 0.465 9.885 20
2.308 0.3 9.818 20
2.468 0.664 9.868 20
2.662 0.51 9.911 20
2.77 0.537 9.943 20
2.873 0.659 9.959 21
2.94 0.573 10.0 20
2.856 0.51 9.974 20
2.669 0.57 9.95 20
2.6 0.503 9.926 20
2.578 0.285 9.935 20
2.327 0.326 9.844 20
1.906 0.541 9.825 20
1.793 0.24 9.804 21
1.398 0.367 9.749 20
1.168 0.376 9.718 20
1.056 0.139 9.696 20
0.603 0.228 9.672 20
0.206 0.247 9.648 20
0.088 0.046 9.662 20
-0.227 0.122 9.679 21
-0.516 0.245 9.686 20
-0.643 0.144 9.665 20
-0.854 0.142 9.689 20
-1.182 0.273 9.775 20
-1.349 0.228 9.763 20
-1.323 0.245 9.785 20
-1.481 0.309 9.799 20
-1.663 0.273 9.861 21
-1.752 0.249 9.895 20
-1.828 0.417 9.61 20
-1.843 0.984 9.753 20
-1.934 0.235 9.94 20
-1.56 -0.377 9.861 20
-1.682 0.63 9.801 20
-1.534 0.486 9.782 20
-1.282 -0.391 9.787 21
-1.498 0.192 9.789 20
-1.397 0.597 9.787 20
-0.885 -0.159 9.727 20
-0.717 -0.159 9.737 20
-0.753 0.364 9.739 20
-0.43 0.0 9.715 20
-0.272 -0.164 9.698 21
-0.107 0.242 9.674 20
0.419 0.158 9.655 20
0.658 -0.111 9.722 20
0.62 0.058 9.739 20
1.008 0.182 9.737 20
1.417 0.077 9.78 20
1.487 0.139 9.785 20
1.693 0.29 9.797 21
1.889 0.285 9.864 20
1.889 0.304 9.83 20
1.942 0.417 9.878 20
2.183 0.448 9.876 20
2.217 0.515 9.892 20
2.059 0.546 9.907 20
2.155 0.46 9.897 21
2.14 0.585 9.895 20
1.949 0.719 9.873 20
1.865 0.582 9.84 20
1.743 0.623 9.825 20
1.47 0.685 9.825 20
1.293 0.489 9.799 20
1.092 0.395 9.777 20
0.879 0.517 9.737 21
0.651 0.381 9.722 20
0.412 0.266 9.737 20
0.1 0.321 9.71 20
-0.148 0.247 9.713 20
-0.389 0.113 9.696 20
-0.588 0.146 9.725 20
-0.761 0.158 9.739 21
-0.947 0.072 9.742 20
-1.17 0.087 9.734 20
-1.321 0.149 9.785 20
-1.376 0.058 9.785 20
-1.476 0.022 9.78 20
-1.527 0.046 9.823 20
-1.476 0.015 9.811 20
-1.496 0.036 9.821 21
-1.428 0.041 9.816 20
-1.299 0.008 9.792 20
-1.266 0.024 9.777 20
-1.191 0.082 9.77 20
-1.031 0.166 9.756 20
-0.825 0.178 9.753 20
-0.696 0.221 9.773 21
-0.569 0.307 9.73 20
-0.358 0.297 9.758 20
-0.121 0.221 9.694 20
0.014 0.553 9.73 20
0.313 0.472 9.72 20
0.534 0.194 9.739 20
0.598 0.458 9.734 20
0.881 0.582 9.765 21
1.207 0.3 9.804 20
1.238 0.35 9.789 20
1.348 0.491 9.794 20
1.563 0.307 9.828 20
1.57 0.333 9.84 20
1.575 0.405 9.83 20
1.721 0.314 9.854 21
1.702 0.297 9.854 20
1.547 0.383 9.835 20
1.633 0.336 9.854 20
1.606 0.343 9.835 20
1.417 0.326 9.837 20
1.374 0.206 9.832 20
1.283 0.211 9.792 20
1.094 0.261 9.789 21
0.934 0.18 9.782 20
0.78 0.156 9.787 20
0.555 0.242 9.749 20
0.404 0.182 9.751 20
0.256 0.115 9.746 20
0.014 0.218 9.727 20
-0.195 0.249 9.737 21
-0.296 0.175 9.72 20
-0.428 0.259 9.756 20
-0.567 0.343 9.746 20
-0.61 0.252 9.768 20
-0.708 0.252 9.756 20
-0.804 0.352 9.777 20
-0.866 0.302 9.773 20
-0.911 0.257 9.77 21
-0.907 0.34 9.799 20
-0.887 0.326 9.797 20
-0.863 0.249 9.761 20
-0.861 0.278 9.799 20
-0.844 0.278 9.804 20
-0.744 0.245 9.763 20
-0.681 0.24 9.765 20
-0.586 0.233 9.77 21
-0.5 0.209 9.782 20
-0.418 0.225 9.792 20
-0.253 0.242 9.732 20
-0.104 0.216 9.775 20
-0.059 0.178 9.794 20
0.074 0.178 9.746 20
0.227 0.199 9.746 21
0.376 0.173 9.765 20
0.488 0.137 9.789 20
0.589 0.017 9.773 20
0.632 0.211 9.773 20
0.776 0.233 9.782 20
0.934 0.161 9.794 20
0.955 0.249 9.797 20
1.087 0.309 9.818 21
1.187 0.24 9.835 20
1.202 0.288 9.813 20
1.221 0.359 9.832 20
1.242 0.357 9.828 20
1.254 0.312 9.832 20
1.235 0.326 9.823 20
1.185 0.328 9.823 21
1.02 0.343 9.799 20
0.905 0.436 9.797 20
0.895 0.479 9.801 20
0.89 0.465 9.806 20
0.744 0.434 9.78 20
0.584 0.443 9.777 20
0.527 0.415 9.775 20
0.431 0.364 9.765 21
0.299 0.381 9.773 20
0.175 0.309 9.777 20
-0.025 0.338 9.765 20
-0.174 0.336 9.758 20
-0.2 0.29 9.775 20
-0.298 0.324 9.773 20
-0.456 0.245 9.765 21
-0.54 0.185 9.777 20
-0.598 0.221 9.758 20
-0.593 0.197 9.78 20
-0.636 0.149 9.787 20
-0.717 0.127 9.792 20
-0.751 0.13 9.787 20
-0.715 0.137 9.782 20
-0.648 0.113 9.77 21
-0.624 0.099 9.785 20
-0.581 0.103 9.77 20
-0.523 0.122 9.763 20
-0.432 0.161 9.782 20
-0.318 0.17 9.758 20
-0.222 0.187 9.777 20
-0.169 0.216 9.782 21
-0.088 0.259 9.753 20
0.067 0.283 9.758 20
0.218 0.292 9.765 20
0.342 0.324 9.768 20
0.452 0.336 9.78 20
0.553 0.359 9.794 20
0.663 0.376 9.789 20
0.792 0.391 9.782 21
0.869 0.371 9.789 20
0.926 0.376 9.797 20
0.996 0.393 9.809 20
1.06 0.398 9.813 20
1.108 0.367 9.835 20
1.096 0.35 9.828 20
1.072 0.352 9.813 20
1.041 0.352 9.804 21
1.003 0.338 9.823 20
0.96 0.314 9.811 20
0.881 0.304 9.804 20
0.783 0.278 9.792 20
0.697 0.264 9.792 20
0.632 0.24 9.77 20
0.548 0.23 9.763 21
0.44 0.209 9.758 20
0.323 0.209 9.768 20
0.184 0.218 9.78 20
0.096 0.204 9.78 20
-0.025 0.209 9.785 20
-0.152 0.23 9.77 20
-0.231 0.211 9.751 20
-0.284 0.225 9.756 21
-0.351 0.254 9.768 20
-0.404 0.254 9.782 20
-0.466 0.259 9.78 20
-0.485 0.257 9.763 20
-0.504 0.259 9.789 20
-0.523 0.278 9.782 20
-0.512 0.283 9.782 21
-0.476 0.28 9.789 20
-0.456 0.292 9.782 20
-0.425 0.278 9.768 20
-0.363 0.285 9.763 20
-0.306 0.28 9.785 20
-0.258 0.283 9.78 20
-0.188 0.264 9.78 20
-0.102 0.268 9.768 21
-0.028 0.276 9.789 20
0.062 0.271 9.765 20
0.163 0.247 9.77 20
0.266 0.266 9.785 20
0.359 0.264 9.761 20
0.452 0.273 9.77 20
0.515 0.259 9.773 21
0.591 0.24 9.785 20
0.665 0.23 9.782 20
0.704 0.271 9.787 20
0.744 0.233 9.799 20
0.778 0.264 9.801 20
0.809 0.264 9.809 20
0.84 0.261 9.806 20
0.847 0.302 9.799 21
0.859 0.307 9.804 20
0.838 0.312 9.811 20
0.797 0.324 9.789 20
0.766 0.321 9.821 20
0.716 0.34 9.785 20
0.651 0.336 9.794 20
0.596 0.338 9.801 21
0.522 0.338 9.804 20
0.455 0.326 9.797 20
0.388 0.314 9.787 20
0.306 0.304 9.77 20
0.203 0.316 9.756 20
0.124 0.3 9.78 20
0.057 0.28 9.775 20
-0.033 0.285 9.77 21
-0.104 0.264 9.777 20
-0.167 0.247 9.77 20
-0.212 0.242 9.787 20
-0.243 0.24 9.799 20
-0.282 0.252 9.765 20
-0.315 0.23 9.77 20
-0.344 0.206 9.78 21
-0.353 0.23 9.785 20
-0.327 0.216 9.782 20
-0.337 0.213 9.758 20
-0.318 0.201 9.777 20
-0.289 0.213 9.792 20
-0.265 0.218 9.797 20
-0.234 0.211 9.775 20
-0.188 0.216 9.768 21
-0.121 0.218 9.792 20
-0.066 0.259 9.806 20
0.005 0.271 9.775 20
0.069 0.276 9.768 20
0.148 0.278 9.763 20
0.22 0.283 9.789 20
0.299 0.288 9.78 21
0.381 0.292 9.773 20
0.443 0.3 9.785 20
0.505 0.3 9.789 20
0.555 0.316 9.794 20
0.603 0.314 9.78 20
0.649 0.331 9.78 20
0.682 0.343 9.806 20
0.692 0.326 9.797 21
0.723 0.309 9.789 20
0.749 0.29 9.799 20
0.74 0.302 9.78 20
0.716 0.316 9.794 20
0.699 0.302 9.809 20
0.661 0.29 9.801 20
0.62 0.292 9.794 21
0.565 0.283 9.811 20
0.519 0.271 9.799 20
0.479 0.254 9.775 20
0.407 0.257 9.785 20
0.34 0.252 9.775 20
0.251 0.235 9.775 20
0.189 0.247 9.773 20
0.139 0.252 9.782 21
0.069 0.259 9.782 20
0.0 0.252 9.782 20
-0.073 0.259 9.773 20
-0.124 0.242 9.777 20
-0.16 0.266 9.78 20
-0.2 0.254 9.78 20
-0.222 0.276 9.799 21
-0.248 0.273 9.787 20
-0.253 0.271 9.763 20
-0.251 0.257 9.768 20
-0.248 0.254 9.794 20
-0.251 0.276 9.749 20
-0.227 0.266 9.763 20
-0.2 0.266 9.782 20
-0.162 0.268 9.775 21
-0.15 0.271 9.792 20
-0.104 0.268 9.78 20
-0.037 0.273 9.77 20
0.019 0.259 9.782 20
0.086 0.266 9.768 20
0.146 0.28 9.777 20
0.201 0.266 9.775 21
0.258 0.261 9.782 20
0.335 0.283 9.78 20
0.39 0.259 9.785 20
0.431 0.266 9.797 20
0.486 0.283 9.773 20
0.529 0.273 9.773 20
0.553 0.266 9.809 21
0.586 0.28 9.809 20
0.601 0.278 9.792 20
0.606 0.278 9.794 20
0.613 0.28 9.792 20
0.62 0.304 9.794 20
0.606 0.297 9.787 20
0.572 0.302 9.789 20
0.574 0.295 9.794 21
0.548 0.304 9.801 20
0.507 0.304 9.787 20
0.46 0.292 9.782 20
0.443 0.295 9.78 20
0.4 0.302 9.785 20
0.328 0.295 9.77 20
0.266 0.297 9.785 20
0.23 0.297 9.792 21
0.163 0.285 9.777 20
0.12 0.292 9.785 20
0.079 0.285 9.777 20
0.014 0.268 9.765 20
-0.035 0.268 9.785 20
-0.057 0.261 9.804 20
-0.078 0.254 9.775 21
-0.109 0.264 9.78 20
-0.14 0.257 9.787 20
-0.169 0.245 9.785 20
-0.162 0.235 9.782 20
-0.155 0.247 9.78 20
-0.164 0.228 9.792 20
-0.167 0.225 9.775 20
-0.15 0.235 9.773 21
-0.104 0.242 9.775 20
-0.061 0.257 9.782 20
-0.03 0.261 9.765 20
-0.011 0.242 9.751 20
0.014 0.247 9.773 20
0.096 0.252 9.775 20
0.139 0.259 9.789 21
0.165 0.276 9.785 20
0.206 0.276 9.77 20
0.239 0.259 9.787 20
0.263 0.292 9.789 20
0.342 0.292 9.792 20
0.416 0.292 9.809 20
0.409 0.297 9.775 20
0.409 0.312 9.782 21
0.474 0.304 9.804 20
0.534 0.3 9.785 20
0.536 0.304 9.785 20
0.524 0.3 9.789 20
0.517 0.307 9.804 20
0.512 0.304 9.811 20
0.543 0.295 9.787 21
0.519 0.28 9.794 20
0.469 0.288 9.787 20
0.457 0.278 9.789 20
0.438 0.245 9.789 20
0.395 0.268 9.785 20
0.361 0.276 9.785 20
0.318 0.249 9.777 20
0.249 0.266 9.78 21
0.22 0.276 9.763 20
0.22 0.257 9.775 20
0.143 0.252 9.775 20
0.108 0.297 9.773 20
0.091 0.288 9.765 20
0.038 0.278 9.775 20
-0.002 0.276 9.777 20
0.007 0.257 9.773 21
-0.037 0.283 9.792 20
-0.073 0.266 9.77 20
-0.076 0.273 9.782 20
-0.073 0.268 9.782 20
-0.083 0.273 9.785 20
-0.09 0.261 9.785 20
-0.059 0.268 9.749 21
-0.054 0.276 9.785 20
-0.009 0.257 9.794 20
0.002 0.268 9.777 20
-0.006 0.288 9.785 20
0.024 0.259 9.787 20
0.055 0.264 9.792 20
0.084 0.259 9.782 20
0.124 0.266 9.775 21
0.165 0.268 9.77 20
0.194 0.28 9.792 20
0.237 0.271 9.787 20
0.299 0.257 9.782 20
0.321 0.283 9.789 20
0.34 0.261 9.775 20
0.357 0.271 9.782 21
0.39 0.302 9.809 20
0.438 0.276 9.763 20
0.436 0.273 9.813 20
0.438 0.29 9.792 20
0.445 0.295 9.787 20
0.483 0.29 9.782 20
0.457 0.297 9.782 20
0.424 0.309 9.782 21
0.428 0.276 9.789 20
0.4 0.288 9.785 20
0.407 0.295 9.799 20
0.383 0.29 9.777 20
0.34 0.278 9.785 20
0.302 0.283 9.768 20
0.292 0.276 9.785 20
0.251 0.276 9.773 21
0.225 0.254 9.785 20
0.182 0.268 9.797 20
0.153 0.276 9.777 20
0.141 0.264 9.775 20
0.12 0.261 9.78 20
0.067 0.28 9.777 20
0.041 0.254 9.792 21
0.026 0.257 9.785 20
0.024 0.271 9.78 20
0.014 0.261 9.787 20
-0.002 0.254 9.77 20
-0.023 0.264 9.787 20
-0.016 0.271 9.777 20
-0.009 0.254 9.782 20
0.002 0.259 9.773 21
0.007 0.273 9.77 20
0.017 0.259 9.787 20
0.043 0.257 9.78 20
0.05 0.268 9.78 20
0.067 0.266 9.77 20
0.1 0.257 9.801 20
0.117 0.264 9.785 21
0.153 0.283 9.78 20
0.182 0.266 9.78 20
0.187 0.271 9.768 20
0.237 0.285 9.785 20
0.256 0.273 9.773 20
0.287 0.276 9.768 20
0.311 0.233 9.804 20
0.234 0.259 9.765 21
0.282 0.312 9.799 20
0.373 0.273 9.799 20
0.297 0.35 9.77 20
0.342 0.314 9.77 20
0.457 0.247 9.792 20
0.44 0.28 9.811 20
0.404 0.24 9.799 21
0.431 0.139 9.777 20
0.433 0.197 9.804 20
0.433 0.257 9.794 20
0.493 0.237 9.782 20
0.436 0.28 9.789 20
0.321 0.34 9.801 20
0.316 0.292 9.799 20
0.249 0.338 9.792 21
0.132 0.393 9.794 20
0.11 0.338 9.794 20
0.081 0.3 9.775 20
0.045 0.338 9.789 20
0.062 0.276 9.775 20
0.093 0.268 9.763 20
0.074 0.307 9.777 21
0.067 0.278 9.797 20
0.12 0.242 9.794 20
0.084 0.285 9.801 20
0.043 0.304 9.782 20
0.084 0.276 9.77 20
0.074 0.3 9.78 20
0.088 0.316 9.775 20
0.127 0.271 9.797 21
0.076 0.271 9.792 20
0.048 0.245 9.777 20
0.127 0.182 9.77 20
0.182 0.187 9.773 20
0.203 0.182 9.777 20
0.249 0.161 9.773 20
0.27 0.209 9.787 20
0.285 0.23 9.78 21
0.321 0.216 9.801 20
0.306 0.249 9.797 20
0.227 0.302 9.785 20
0.251 0.321 9.787 20
0.234 0.333 9.787 20
0.213 0.376 9.777 20
0.179 0.379 9.789 21
0.189 0.34 9.773 20
0.177 0.357 9.777 20
0.143 0.369 9.785 20
0.187 0.345 9.785 20
0.189 0.352 9.77 20
0.151 0.316 9.787 20
0.177 0.292 9.797 20
0.211 0.285 9.785 21
0.208 0.252 9.787 20
0.199 0.216 9.785 20
0.189 0.218 9.777 20
0.177 0.237 9.777 20
0.175 0.178 9.777 20
0.194 0.168 9.785 20
0.194 0.216 9.773 21
0.237 0.18 9.768 20
0.208 0.175 9.797 20
0.218 0.228 9.792 20
0.27 0.142 9.775 20
0.211 0.187 9.789 20
0.153 0.415 9.804 20
0.263 0.23 9.78 20
0.208 0.228 9.777 21
0.143 0.391 9.782 20
0.278 0.302 9.77 20
0.22 0.247 9.777 20
0.141 0.35 9.787 20
0.246 0.388 9.78 20
0.223 0.316 9.785 20
0.141 0.343 9.789 21
0.22 0.345 9.785 20
0.254 0.338 9.787 20
0.177 0.312 9.78 20
0.213 0.288 9.777 20
0.239 0.321 9.789 20
0.177 0.324 9.792 20
0.194 0.257 9.78 20
0.22 0.261 9.775 21
0.194 0.283 9.789 20
0.223 0.223 9.792 20
0.227 0.201 9.77 20
0.175 0.266 9.799 20
0.182 0.228 9.785 20
0.208 0.199 9.794 20
0.191 0.257 9.787 21
0.208 0.218 9.787 20
0.203 0.189 9.787 20
0.172 0.247 9.78 20
0.199 0.252 9.794 20
0.199 0.23 9.787 20
0.167 0.257 9.777 20
0.179 0.288 9.768 20
0.191 0.295 9.792 21
0.187 0.304 9.794 20
0.189 0.326 9.77 20
0.196 0.314 9.787 20
0.175 0.304 9.773 20
0.191 0.331 9.797 20
0.199 0.328 9.765 20
0.184 0.328 9.787 21
0.187 0.316 9.77 20
0.196 0.304 9.785 20
0.177 0.321 9.785 20
0.172 0.283 9.792 20
0.194 0.292 9.768 20
0.211 0.295 9.773 20
0.199 0.264 9.768 20
0.206 0.259 9.775 21
0.208 0.257 9.785 20
0.208 0.24 9.775 20
0.22 0.213 9.77 20
0.213 0.228 9.787 20
0.201 0.24 9.789 20
0.189 0.223 9.789 20
0.201 0.245 9.787 21
0.208 0.247 9.789 20
0.206 0.233 9.797 20
0.201 0.261 9.801 20
0.201 0.271 9.787 20
0.203 0.271 9.794 20
0.213 0.285 9.785 20
0.206 0.295 9.785 20
0.201 0.292 9.78 21
0.199 0.297 9.789 20
0.184 0.307 9.77 20
0.189 0.307 9.799 20
0.189 0.316 9.785 20
0.182 0.307 9.77 20
0.191 0.304 9.789 20
0.191 0.316 9.78 20
0.182 0.309 9.787 21
0.199 0.285 9.787 20
0.196 0.297 9.787 20
0.172 0.29 9.782 20
0.184 0.28 9.782 20
0.177 0.276 9.773 20
0.175 0.266 9.763 20
0.211 0.245 9.77 21
0.203 0.237 9.782 20
0.203 0.242 9.792 20
0.182 0.249 9.792 20
0.182 0.237 9.773 20
0.194 0.237 9.785 20
0.199 0.245 9.765 20
0.199 0.247 9.761 21
0.194 0.245 9.777 20
0.194 0.252 9.78 20
0.211 0.259 9.792 20
0.213 0.268 9.785 20
0.213 0.302 9.756 20
0.179 0.268 9.758 20
0.153 0.201 9.756 20
0.117 0.314 9.78 21
0.237 0.374 9.78 20
0.302 0.321 9.758 20
0.208 0.309 9.792 20
0.208 0.29 9.787 20
0.311 0.264 9.77 20
0.239 0.312 9.78 20
0.151 0.34 9.773 20
0.12 0.29 9.777 21
0.141 0.326 9.773 20
0.199 0.352 9.775 20
0.244 0.252 9.777 20

# Completed @Tue Aug 01 10:05:39 GMT+08:00 2017
