0.067 0.199 9.765 0
0.079 0.216 9.753 20
0.053 0.216 9.789 20
0.048 0.206 9.763 20
0.036 0.213 9.773 20
0.045 0.201 9.785 20
0.06 0.201 9.756 20
0.06 0.199 9.775 20
0.086 0.187 9.77 21
0.091 0.178 9.749 20
0.091 0.199 9.777 20
0.096 0.209 9.785 20
0.079 0.254 9.746 20
0.069 0.211 9.785 20
0.093 0.201 9.737 20
0.098 0.247 9.763 21
0.088 0.257 9.789 20
0.11 0.23 9.751 20
0.12 0.252 9.777 20
0.105 0.29 9.789 20
0.127 0.295 9.763 20
0.11 0.259 9.789 20
0.074 0.223 9.777 20
0.074 0.316 9.744 21
0.112 0.3 9.837 20
0.148 0.213 9.756 20
0.124 0.228 9.732 20
0.069 0.333 9.816 20
0.076 0.249 9.787 20
0.096 0.242 9.698 20
0.12 0.295 9.825 21
0.084 0.266 9.775 20
0.076 0.211 9.725 20
0.067 0.252 9.789 20
0.081 0.254 9.77 20
0.12 0.221 9.78 20
0.076 0.249 9.77 20
0.062 0.218 9.765 20
0.079 0.225 9.744 21
0.069 0.225 9.768 20
0.093 0.228 9.773 20
0.062 0.192 9.758 20
0.069 0.225 9.782 20
0.053 0.23 9.763 20
0.069 0.199 9.742 20
0.064 0.218 9.768 21
0.064 0.233 9.782 20
0.06 0.23 9.756 20
0.067 0.228 9.775 20
0.062 0.223 9.765 20
0.055 0.221 9.758 20
0.067 0.247 9.768 20
0.06 0.235 9.775 20
0.06 0.23 9.765 21
0.055 0.264 9.765 20
0.06 0.266 9.773 20
0.079 0.259 9.761 20
0.055 0.254 9.777 20
0.064 0.264 9.789 20
0.074 0.247 9.773 20
0.072 0.261 9.785 21
0.067 0.268 9.761 20
0.079 0.247 9.763 20
0.084 0.249 9.761 20
0.079 0.235 9.765 20
0.081 0.259 9.785 20
0.086 0.245 9.782 20
0.091 0.237 9.746 20
0.103 0.24 9.782 21
0.081 0.24 9.785 20
0.093 0.233 9.768 20
0.088 0.223 9.768 20
0.084 0.218 9.756 20
0.103 0.225 9.777 20
0.096 0.228 9.777 20
0.096 0.228 9.768 21
0.086 0.237 9.782 20
0.098 0.225 9.768 20
0.098 0.216 9.758 20
0.1 0.233 9.785 20
0.091 0.223 9.782 20
0.093 0.213 9.777 20
0.1 0.242 9.777 20
0.093 0.249 9.77 21
0.088 0.225 9.777 20
0.074 0.235 9.777 20
0.081 0.259 9.765 20
0.084 0.233 9.78 20
0.086 0.221 9.768 20
0.091 0.268 9.775 20
0.086 0.271 9.775 21
0.076 0.247 9.751 20
0.074 0.249 9.758 20
0.086 0.254 9.78 20
0.081 0.257 9.775 20
0.069 0.259 9.756 20
0.06 0.252 9.756 20
0.055 0.242 9.773 21
0.072 0.245 9.765 20
0.081 0.225 9.765 20
0.048 0.242 9.765 20
0.05 0.259 9.773 20
0.064 0.242 9.765 20
0.067 0.225 9.765 20
0.086 0.225 9.761 20
0.064 0.218 9.768 21
0.076 0.221 9.756 20
0.079 0.221 9.77 20
0.057 0.233 9.773 20
0.057 0.225 9.753 20
0.069 0.213 9.761 20
0.06 0.223 9.782 20
0.074 0.228 9.777 20
0.079 0.23 9.765 21
0.076 0.233 9.785 20
0.069 0.233 9.782 20
0.086 0.223 9.782 20
0.074 0.218 9.775 20
0.081 0.225 9.758 20
0.084 0.266 9.775 20
0.091 0.254 9.775 21
0.081 0.235 9.765 20
0.093 0.254 9.756 20
0.091 0.228 9.763 20
0.091 0.235 9.775 20
0.091 0.257 9.77 20
0.098 0.252 9.758 20
0.088 0.254 9.777 20
0.084 0.257 9.773 21
0.11 0.259 9.758 20
0.096 0.271 9.773 20
0.093 0.264 9.768 20
0.088 0.242 9.773 20
0.076 0.252 9.775 20
0.086 0.257 9.785 20
0.091 0.242 9.785 21
0.076 0.24 9.768 20
0.079 0.24 9.773 20
0.079 0.242 9.77 20
0.081 0.233 9.785 20
0.081 0.218 9.768 20
0.084 0.225 9.763 20
0.074 0.245 9.77 20
0.072 0.233 9.773 21
0.088 0.218 9.773 20
0.079 0.233 9.773 20
0.074 0.23 9.77 20
0.072 0.245 9.785 20
0.069 0.24 9.785 20
0.069 0.245 9.78 20
0.086 0.247 9.777 21
0.081 0.235 9.758 20
0.069 0.24 9.773 20
0.062 0.23 9.78 20
0.072 0.235 9.78 20
0.086 0.245 9.761 20
0.062 0.242 9.773 20
0.062 0.257 9.777 20
0.072 0.252 9.78 21
0.074 0.235 9.785 20
0.067 0.254 9.789 20
0.079 0.249 9.785 20
0.072 0.264 9.768 20
0.081 0.249 9.768 20
0.084 0.247 9.765 20
0.079 0.252 9.775 20
0.062 0.233 9.78 21
0.072 0.235 9.785 20
0.072 0.245 9.782 20
0.076 0.245 9.78 20
0.064 0.249 9.777 20
0.074 0.242 9.785 20
0.084 0.245 9.768 20
0.105 0.228 9.773 21
0.081 0.233 9.744 20
0.093 0.213 9.777 20
0.098 0.221 9.765 20
0.12 0.237 9.789 20
0.019 0.247 9.73 20
0.014 0.216 9.78 20
-0.04 0.156 9.926 20
-0.339 0.455 9.813 21
-0.277 0.553 10.043 20
0.16 -0.02 9.744 20
0.302 0.005 9.294 20
0.313 0.41 10.036 20
0.096 0.455 9.49 20
0.78 -0.059 9.883 20
1.075 -0.109 9.385 21
1.24 0.716 9.907 20
1.247 0.163 9.615 20
1.822 0.218 9.404 20
1.23 0.549 9.569 20
2.025 0.841 10.086 20
2.27 0.24 9.394 20
1.776 0.522 9.564 20
2.037 1.166 10.678 21
2.183 0.618 9.148 20
2.43 0.259 9.466 20
2.621 0.448 10.697 20
2.272 0.608 8.992 20
3.019 -0.178 10.802 20
2.938 0.362 10.244 20
3.158 -0.212 9.56 21
3.855 -0.676 11.015 20
3.182 -0.449 8.487 20
2.588 -0.082 11.094 20
2.99 0.218 11.417 20
3.579 0.467 8.355 20
2.538 0.072 10.697 20
0.725 0.295 9.629 20
2.581 0.642 8.911 21
2.521 -0.042 10.079 20
-0.895 1.391 8.078 20
0.098 0.984 9.933 20
-0.705 -0.798 8.803 20
-1.553 0.264 7.733 20
-1.445 1.741 10.321 20
-1.869 0.867 9.624 21
-1.979 -0.489 8.154 20
-2.683 0.393 9.346 20
-3.37 1.212 10.697 20
-4.158 0.506 9.445 20
-3.775 0.288 9.552 20
-3.449 0.434 10.371 20
-4.024 -0.013 9.883 20
-4.505 -0.329 10.026 21
-4.63 0.082 10.615 20
-4.955 0.314 10.34 20
-4.838 -0.135 10.17 20
-4.428 -0.726 10.273 20
-4.285 -0.853 10.067 20
-4.359 -0.573 10.304 20
-4.033 -0.616 10.323 21
-3.636 -1.043 9.809 20
-3.392 -1.189 9.806 20
-3.157 -0.999 9.873 20
-2.736 -0.817 9.876 20
-2.307 -0.755 9.866 20
-2.149 -0.791 9.406 20
-1.706 -0.789 9.27 20
-1.184 -0.726 9.497 21
-1.105 -0.638 9.337 20
-0.871 -0.468 9.018 20
-0.272 -0.173 9.284 20
0.108 -0.138 9.301 20
0.352 -0.133 9.121 20
0.709 0.077 9.153 20
0.907 0.316 9.358 21
1.187 0.352 9.186 20
1.858 0.336 9.327 20
2.262 0.484 9.466 20
2.315 0.644 9.54 20
2.399 0.676 9.555 20
2.689 0.726 9.591 20
2.902 0.922 10.189 20
3.598 0.975 9.854 21
4.048 0.944 9.986 20
3.953 0.929 9.986 20
3.888 1.085 10.062 20
4.056 1.217 10.302 20
4.348 1.142 10.35 20
4.372 1.049 10.225 20
4.137 1.083 10.208 21
3.914 1.047 10.261 20
3.912 0.838 10.204 20
3.859 0.704 10.146 20
3.665 0.697 10.189 20
3.445 0.613 10.074 20
3.146 0.438 9.873 20
2.866 0.362 9.761 20
2.638 0.336 9.742 21
2.406 0.249 9.694 20
2.135 0.113 9.6 20
1.81 0.039 9.44 20
1.41 0.034 9.437 20
1.089 -0.02 9.423 20
0.852 -0.154 9.385 20
0.637 -0.13 9.289 21
0.282 -0.066 9.382 20
-0.176 -0.049 9.387 20
-0.528 -0.161 9.361 20
-0.866 -0.082 9.409 20
-0.942 0.063 9.533 20
-1.105 0.108 9.5 20
-1.407 -0.015 9.564 20
-1.788 -0.111 9.634 21
-2.099 -0.059 9.679 20
-2.252 -0.003 9.811 20
-2.283 -0.013 9.794 20
-2.348 -0.061 9.789 20
-2.563 -0.063 9.919 20
-2.839 -0.075 9.979 20
-2.975 -0.025 9.983 20
-3.004 0.122 10.036 21
-3.016 0.189 10.019 20
-2.843 0.156 9.916 20
-3.097 0.096 10.113 20
-3.088 0.082 10.041 20
-2.662 0.077 10.019 20
-2.585 0.089 9.904 20
-2.333 0.067 9.921 21
-2.247 0.034 9.847 20
-2.034 0.06 9.816 20
-1.862 0.077 9.746 20
-1.577 0.075 9.674 20
-1.338 0.099 9.605 20
-1.141 0.139 9.615 20
-0.923 0.118 9.526 20
-0.622 0.096 9.569 21
-0.356 0.094 9.461 20
-0.009 0.122 9.454 20
0.256 0.139 9.49 20
0.479 0.12 9.454 20
0.677 0.11 9.497 20
0.852 0.118 9.466 20
1.23 0.161 9.485 21
1.652 0.199 9.627 20
1.86 0.161 9.648 20
1.918 0.144 9.648 20
1.982 0.187 9.715 20
2.157 0.278 9.763 20
2.471 0.304 9.859 20
2.724 0.292 9.928 20
2.873 0.273 9.904 21
2.842 0.362 9.95 20
2.727 0.474 10.029 20
2.866 0.474 10.062 20
3.146 0.405 10.029 20
3.21 0.386 10.024 20
3.05 0.491 10.06 20
2.82 0.551 10.048 20
2.712 0.527 9.995 21
2.751 0.496 9.94 20
2.686 0.498 9.935 20
2.452 0.525 9.88 20
2.143 0.517 9.828 20
1.915 0.491 9.734 20
1.781 0.472 9.727 20
1.695 0.46 9.756 21
1.518 0.474 9.672 20
1.204 0.398 9.639 20
0.871 0.331 9.576 20
0.651 0.336 9.514 20
0.483 0.343 9.6 20
0.299 0.268 9.576 20
0.055 0.221 9.536 20
-0.27 0.245 9.55 21
-0.509 0.216 9.651 20
-0.672 0.132 9.595 20
-0.684 0.146 9.586 20
-0.825 0.197 9.679 20
-1.089 0.13 9.677 20
-1.361 -0.03 9.732 20
-1.524 -0.08 9.715 21
-1.553 -0.023 9.792 20
-1.536 0.017 9.765 20
-1.649 -0.032 9.785 20
-1.855 -0.173 9.871 20
-1.991 -0.183 9.902 20
-1.972 -0.13 9.892 20
-1.905 -0.118 9.876 20
-1.9 -0.078 9.861 21
-1.941 -0.078 9.909 20
-1.97 -0.161 9.923 20
-1.867 -0.202 9.876 20
-1.735 -0.092 9.861 20
-1.622 -0.02 9.859 20
-1.546 -0.073 9.794 20
-1.428 -0.094 9.787 21
-1.28 -0.027 9.765 20
-1.079 0.039 9.734 20
-0.904 0.06 9.691 20
-0.732 0.084 9.679 20
-0.61 0.144 9.679 20
-0.442 0.158 9.658 20
-0.224 0.144 9.624 20
0.0 0.213 9.598 21
0.167 0.288 9.622 20
0.323 0.278 9.636 20
0.512 0.285 9.576 20
0.732 0.312 9.655 20
0.907 0.345 9.66 20
1.137 0.383 9.684 20
1.3 0.376 9.725 21
1.434 0.343 9.715 20
1.566 0.348 9.739 20
1.709 0.345 9.789 20
1.831 0.376 9.792 20
1.963 0.371 9.842 20
2.04 0.345 9.873 20
2.109 0.352 9.861 20
2.133 0.374 9.909 21
2.152 0.355 9.921 20
2.238 0.321 9.885 20
2.284 0.417 9.921 20
2.152 0.379 9.94 20
2.095 0.307 9.89 20
2.09 0.364 9.866 20
1.994 0.407 9.931 20
1.989 0.309 9.902 21
1.803 0.302 9.763 20
1.63 0.388 9.84 20
1.542 0.336 9.83 20
1.427 0.261 9.708 20
1.3 0.321 9.765 20
1.087 0.304 9.739 20
0.922 0.276 9.66 21
0.713 0.273 9.691 20
0.565 0.268 9.674 20
0.445 0.288 9.665 20
0.227 0.3 9.684 20
0.0 0.252 9.662 20
-0.2 0.225 9.619 20
-0.306 0.247 9.718 20
-0.397 0.259 9.696 21
-0.478 0.225 9.662 20
-0.586 0.233 9.744 20
-0.77 0.211 9.72 20
-0.899 0.163 9.732 20
-0.976 0.113 9.821 20
-1.0 0.089 9.761 20
-1.026 0.149 9.777 21
-1.062 0.075 9.818 20
-1.177 -0.039 9.763 20
-1.333 0.027 9.828 20
-1.357 0.06 9.866 20
-1.309 0.005 9.794 20
-1.28 0.034 9.821 20
-1.304 0.067 9.859 20
-1.278 0.003 9.809 21
-1.22 -0.042 9.83 20
-1.124 -0.001 9.804 20
-1.017 0.06 9.787 20
-0.911 0.02 9.809 20
-0.847 -0.027 9.753 20
-0.794 0.053 9.746 20
-0.691 0.13 9.753 20
-0.526 0.082 9.742 21
-0.382 0.125 9.689 20
-0.289 0.206 9.73 20
-0.195 0.216 9.732 20
-0.071 0.182 9.672 20
0.086 0.223 9.696 20
0.306 0.271 9.732 20
0.457 0.28 9.677 21
0.567 0.261 9.727 20
0.634 0.283 9.703 20
0.802 0.3 9.725 20
0.972 0.345 9.761 20
1.123 0.302 9.737 20
1.233 0.278 9.768 20
1.262 0.367 9.821 20
1.355 0.338 9.792 21
1.463 0.3 9.792 20
1.573 0.331 9.847 20
1.64 0.364 9.849 20
1.626 0.316 9.832 20
1.659 0.302 9.864 20
1.652 0.343 9.868 20
1.693 0.321 9.852 21
1.637 0.302 9.859 20
1.616 0.333 9.864 20
1.594 0.326 9.876 20
1.513 0.338 9.84 20
1.479 0.307 9.835 20
1.367 0.304 9.804 20
1.278 0.297 9.775 20
1.178 0.28 9.777 21
1.077 0.257 9.78 20
1.001 0.266 9.737 20
0.869 0.312 9.773 20
0.747 0.273 9.758 20
0.603 0.192 9.679 20
0.44 0.223 9.718 20
0.316 0.257 9.73 21
0.223 0.223 9.718 20
0.084 0.223 9.706 20
-0.133 0.242 9.722 20
-0.215 0.213 9.746 20
-0.301 0.206 9.72 20
-0.339 0.264 9.742 20
-0.382 0.257 9.761 21
-0.485 0.223 9.71 20
-0.622 0.228 9.763 20
-0.681 0.194 9.799 20
-0.686 0.161 9.756 20
-0.681 0.146 9.756 20
-0.727 0.156 9.785 20
-0.794 0.13 9.828 20
-0.897 0.137 9.77 21
-0.806 0.12 9.847 20
-0.782 0.108 9.768 20
-0.806 0.094 9.816 20
-0.816 0.113 9.787 20
-0.808 0.11 9.785 20
-0.787 0.106 9.821 20
-0.749 0.012 9.765 20
-0.612 0.029 9.722 21
-0.564 0.166 9.804 20
-0.492 0.099 9.801 20
-0.449 0.02 9.706 20
-0.38 0.113 9.763 20
-0.263 0.163 9.797 20
-0.126 0.087 9.72 20
-0.052 0.113 9.706 21
0.0 0.199 9.777 20
0.079 0.163 9.749 20
0.218 0.125 9.71 20
0.347 0.185 9.739 20
0.469 0.257 9.78 20
0.543 0.245 9.713 20
0.63 0.199 9.746 20
0.689 0.247 9.727 21
0.833 0.312 9.773 20
0.914 0.314 9.804 20
0.974 0.259 9.756 20
1.003 0.331 9.787 20
1.058 0.367 9.849 20
1.154 0.348 9.789 20
1.226 0.314 9.797 21
1.24 0.35 9.816 20
1.233 0.362 9.83 20
1.252 0.333 9.78 20
1.257 0.321 9.816 20
1.266 0.364 9.83 20
1.23 0.355 9.852 20
1.183 0.304 9.792 20
1.156 0.302 9.789 21
1.041 0.348 9.799 20
1.049 0.316 9.816 20
1.032 0.23 9.828 20
0.96 0.259 9.758 20
0.797 0.312 9.797 20
0.68 0.218 9.775 20
0.641 0.197 9.715 20
0.565 0.266 9.775 21
0.551 0.194 9.804 20
0.369 0.154 9.694 20
0.177 0.199 9.742 20
0.139 0.233 9.818 20
0.122 0.156 9.761 20
0.062 0.307 9.727 20
-0.167 0.338 9.715 21
-0.222 0.228 9.708 20
-0.224 0.168 9.792 20
-0.253 0.326 9.734 20
-0.313 0.29 9.782 20
-0.346 0.13 9.753 20
-0.449 0.156 9.696 20
-0.495 0.266 9.818 20
-0.476 0.158 9.823 21
-0.471 0.055 9.72 20
-0.55 0.151 9.782 20
-0.555 0.118 9.828 20
-0.55 0.017 9.732 20
-0.574 0.046 9.794 20
-0.54 0.106 9.806 20
-0.471 0.031 9.78 21
-0.478 -0.027 9.763 20
-0.507 0.022 9.782 20
-0.432 0.024 9.789 20
-0.377 0.003 9.787 20
-0.33 0.031 9.753 20
-0.279 0.043 9.785 20
-0.231 0.034 9.768 20
-0.195 0.079 9.751 21
-0.131 0.137 9.773 20
0.002 0.099 9.763 20
0.076 0.106 9.734 20
0.117 0.146 9.763 20
0.115 0.137 9.73 20
0.184 0.206 9.739 20
0.361 0.249 9.794 21
0.486 0.209 9.768 20
0.541 0.23 9.742 20
0.507 0.316 9.794 20
0.539 0.29 9.768 20
0.62 0.278 9.734 20
0.754 0.328 9.789 20
0.852 0.369 9.801 20
0.847 0.328 9.806 21
0.821 0.314 9.78 20
0.804 0.316 9.763 20
0.917 0.352 9.792 20
1.022 0.367 9.828 20
0.998 0.309 9.792 20
0.879 0.331 9.763 20
0.826 0.331 9.801 21
0.929 0.309 9.787 20
0.974 0.302 9.792 20
0.936 0.307 9.811 20
0.792 0.288 9.777 20
0.735 0.259 9.773 20
0.756 0.228 9.777 20
0.785 0.247 9.777 20
0.718 0.221 9.799 21
0.606 0.158 9.756 20
0.476 0.192 9.739 20
0.481 0.189 9.782 20
0.488 0.168 9.773 20
0.4 0.168 9.739 20
0.27 0.189 9.758 20
0.155 0.149 9.775 21
0.16 0.118 9.768 20
0.093 0.154 9.753 20
0.048 0.17 9.768 20
-0.042 0.134 9.756 20
-0.136 0.134 9.737 20
-0.16 0.185 9.782 20
-0.188 0.166 9.768 20
-0.219 0.144 9.742 21
-0.274 0.173 9.78 20
-0.298 0.151 9.785 20
-0.308 0.149 9.756 20
-0.313 0.194 9.773 20
-0.349 0.209 9.782 20
-0.346 0.182 9.77 20
-0.358 0.166 9.78 21
-0.351 0.204 9.794 20
-0.32 0.185 9.773 20
-0.303 0.173 9.768 20
-0.301 0.192 9.777 20
-0.298 0.192 9.765 20
-0.267 0.185 9.787 20
-0.224 0.192 9.806 20
-0.167 0.194 9.775 21
-0.128 0.189 9.768 20
-0.093 0.185 9.782 20
-0.059 0.161 9.742 20
0.014 0.182 9.765 20
0.076 0.18 9.775 20
0.153 0.158 9.742 20
0.196 0.149 9.765 20
0.237 0.178 9.753 21
0.29 0.175 9.768 20
0.373 0.187 9.758 20
0.45 0.178 9.761 20
0.479 0.185 9.765 20
0.512 0.189 9.77 20
0.551 0.197 9.777 20
0.608 0.199 9.768 21
0.646 0.218 9.789 20
0.699 0.216 9.806 20
0.713 0.223 9.787 20
0.697 0.204 9.777 20
0.651 0.23 9.777 20
0.752 0.276 9.777 20
0.821 0.24 9.787 20
0.804 0.23 9.787 21
0.706 0.283 9.794 20
0.673 0.283 9.794 20
0.728 0.257 9.78 20
0.754 0.266 9.797 20
0.711 0.29 9.797 20
0.63 0.278 9.777 20
0.577 0.264 9.765 21
0.56 0.271 9.777 20
0.586 0.271 9.775 20
0.527 0.249 9.78 20
0.448 0.259 9.787 20
0.373 0.261 9.773 20
0.354 0.228 9.761 20
0.318 0.228 9.763 21
0.273 0.218 9.756 20
0.191 0.211 9.744 20
0.134 0.216 9.773 20
0.098 0.192 9.77 20
0.079 0.194 9.763 20
0.043 0.201 9.753 20
-0.045 0.185 9.782 20
-0.09 0.17 9.753 21
-0.104 0.17 9.758 20
-0.133 0.163 9.777 20
-0.145 0.137 9.765 20
-0.176 0.142 9.756 20
-0.2 0.13 9.789 20
-0.207 0.137 9.799 20
-0.217 0.134 9.775 21
-0.212 0.113 9.768 20
-0.222 0.122 9.78 20
-0.224 0.122 9.756 20
-0.212 0.118 9.789 20
-0.188 0.108 9.765 20
-0.172 0.139 9.768 20
-0.16 0.139 9.761 20
-0.143 0.115 9.763 21
-0.107 0.142 9.763 20
-0.052 0.156 9.765 20
-0.009 0.156 9.787 20
-0.002 0.149 9.782 20
0.041 0.175 9.758 20
0.096 0.206 9.775 20
0.141 0.192 9.77 21
0.187 0.185 9.773 20
0.208 0.204 9.775 20
0.232 0.211 9.785 20
0.306 0.225 9.765 20
0.361 0.245 9.765 20
0.409 0.233 9.78 20
0.421 0.237 9.773 20
0.445 0.235 9.782 21
0.488 0.249 9.792 20
0.524 0.254 9.785 20
0.565 0.273 9.761 20
0.565 0.261 9.777 20
0.572 0.242 9.785 20
0.586 0.249 9.789 20
0.625 0.257 9.794 20
0.639 0.254 9.789 21
0.625 0.242 9.789 20
0.603 0.247 9.804 20
0.603 0.24 9.787 20
0.627 0.228 9.758 20
0.606 0.23 9.792 20
0.577 0.242 9.775 20
0.541 0.237 9.761 21
0.534 0.209 9.789 20
0.505 0.216 9.78 20
0.495 0.218 9.782 20
0.462 0.201 9.78 20
0.416 0.192 9.77 20
0.388 0.175 9.792 20
0.34 0.185 9.768 21
0.299 0.197 9.773 20
0.263 0.182 9.753 20
0.22 0.173 9.756 20
0.177 0.194 9.782 20
0.134 0.192 9.775 20
0.115 0.156 9.768 20
0.079 0.185 9.782 20
0.048 0.218 9.763 21
0.009 0.185 9.751 20
-0.023 0.17 9.775 20
-0.035 0.185 9.78 20
-0.064 0.189 9.773 20
-0.076 0.185 9.756 20
-0.1 0.209 9.768 20
-0.112 0.189 9.782 21
-0.114 0.199 9.763 20
-0.119 0.189 9.768 20
-0.124 0.175 9.777 20
-0.121 0.154 9.777 20
-0.109 0.163 9.782 20
-0.085 0.166 9.782 20
-0.073 0.166 9.765 20
-0.071 0.178 9.765 21
-0.049 0.185 9.773 20
-0.002 0.154 9.789 20
0.021 0.146 9.775 20
0.041 0.178 9.753 20
0.074 0.158 9.777 20
0.096 0.149 9.763 20
0.12 0.154 9.761 21
0.158 0.178 9.782 20
0.203 0.17 9.782 20
0.22 0.18 9.78 20
0.254 0.199 9.768 20
0.287 0.194 9.777 20
0.34 0.18 9.763 20
0.366 0.182 9.777 20
0.395 0.216 9.777 21
0.436 0.213 9.777 20
0.44 0.218 9.77 20
0.457 0.216 9.761 20
0.483 0.218 9.77 20
0.495 0.242 9.789 20
0.483 0.252 9.794 20
0.517 0.233 9.789 21
0.534 0.237 9.787 20
0.519 0.257 9.799 20
0.524 0.24 9.777 20
0.519 0.237 9.768 20
0.512 0.247 9.797 20
0.507 0.242 9.78 20
0.517 0.223 9.787 20
0.5 0.233 9.799 21
0.462 0.221 9.782 20
0.46 0.225 9.773 20
0.436 0.228 9.789 20
0.409 0.213 9.775 20
0.383 0.218 9.765 20
0.352 0.218 9.765 20
0.316 0.213 9.768 21
0.294 0.204 9.763 20
0.273 0.187 9.777 20
0.239 0.182 9.765 20
0.194 0.178 9.756 20
0.163 0.158 9.77 20
0.139 0.197 9.78 20
0.136 0.173 9.773 20
0.105 0.163 9.763 21
0.057 0.185 9.787 20
0.045 0.173 9.785 20
0.024 0.156 9.744 20
0.019 0.178 9.775 20
-0.014 0.192 9.773 20
-0.03 0.168 9.763 20
-0.037 0.166 9.761 21
-0.037 0.178 9.775 20
-0.03 0.17 9.758 20
-0.03 0.178 9.756 20
-0.023 0.166 9.765 20
-0.028 0.178 9.77 20
-0.016 0.187 9.77 20
0.002 0.166 9.756 20
0.005 0.18 9.763 21
0.012 0.199 9.777 20
0.031 0.173 9.768 20
0.057 0.166 9.765 20
0.081 0.201 9.787 20
0.098 0.175 9.775 20
0.12 0.17 9.756 20
0.141 0.192 9.77 21
0.16 0.206 9.777 20
0.203 0.197 9.782 20
0.223 0.189 9.782 20
0.239 0.201 9.773 20
0.282 0.213 9.765 20
0.311 0.197 9.758 20
0.313 0.194 9.773 20
0.352 0.218 9.782 21
0.383 0.216 9.77 20
0.385 0.213 9.78 20
0.409 0.23 9.775 20
0.424 0.216 9.777 20
0.438 0.23 9.77 20
0.433 0.213 9.775 20
0.448 0.216 9.782 21
0.452 0.225 9.768 20
0.467 0.223 9.78 20
0.457 0.216 9.768 20
0.457 0.221 9.77 20
0.452 0.23 9.789 20
0.443 0.23 9.777 20
0.436 0.223 9.77 20
0.431 0.221 9.785 21
0.419 0.23 9.777 20
0.407 0.199 9.787 20
0.373 0.218 9.765 20
0.366 0.204 9.777 20
0.342 0.18 9.77 20
0.325 0.192 9.768 20
0.292 0.197 9.761 21
0.263 0.173 9.773 20
0.251 0.185 9.787 20
0.223 0.197 9.768 20
0.184 0.199 9.761 20
0.172 0.189 9.765 20
0.16 0.189 9.77 20
0.132 0.194 9.775 20
0.1 0.206 9.777 21
0.091 0.201 9.78 20
0.088 0.187 9.765 20
0.043 0.201 9.761 20
0.045 0.218 9.773 20
0.038 0.18 9.773 20
0.043 0.194 9.78 20
0.024 0.197 9.787 21
0.017 0.187 9.78 20
0.014 0.194 9.765 20
0.024 0.182 9.768 20
0.026 0.187 9.789 20
0.031 0.192 9.775 20
0.033 0.175 9.775 20
0.036 0.192 9.775 20
0.057 0.187 9.782 21
0.093 0.168 9.773 20
0.103 0.163 9.758 20
0.108 0.18 9.773 20
0.115 0.187 9.78 20
0.148 0.158 9.77 20
0.143 0.161 9.78 20
0.182 0.173 9.768 21
0.218 0.168 9.756 20
0.237 0.189 9.768 20
0.244 0.201 9.77 20
0.258 0.185 9.765 20
0.292 0.182 9.77 20
0.311 0.209 9.768 20
0.323 0.201 9.78 20
0.333 0.199 9.761 21
0.347 0.218 9.777 20
0.366 0.211 9.794 20
0.39 0.221 9.765 20
0.354 0.228 9.775 20
0.361 0.225 9.78 20
0.395 0.242 9.768 20
0.438 0.237 9.789 21
0.428 0.225 9.773 20
0.383 0.223 9.751 20
0.373 0.245 9.777 20
0.397 0.237 9.78 20
0.431 0.228 9.78 20
0.404 0.247 9.77 20
0.366 0.247 9.782 20
0.354 0.213 9.77 21
0.369 0.201 9.761 20
0.347 0.233 9.787 20
0.34 0.197 9.777 20
0.299 0.175 9.765 20
0.287 0.213 9.782 20
0.285 0.192 9.768 20
0.292 0.173 9.751 20
0.261 0.197 9.806 21
0.223 0.185 9.789 20
0.218 0.178 9.765 20
0.211 0.178 9.78 20
0.196 0.158 9.768 20
0.182 0.166 9.768 20
0.151 0.17 9.765 20
0.127 0.182 9.765 21
0.146 0.178 9.792 20
0.124 0.178 9.782 20
0.112 0.175 9.77 20
0.091 0.166 9.77 20
0.098 0.178 9.775 20
0.086 0.187 9.789 20
0.081 0.185 9.777 21
0.069 0.18 9.768 20
0.064 0.185 9.768 20
0.086 0.182 9.761 20
0.076 0.192 9.773 20
0.088 0.204 9.773 20
0.108 0.192 9.775 20
0.088 0.197 9.768 20
0.096 0.182 9.765 21
0.108 0.18 9.77 20
0.132 0.209 9.775 20
0.143 0.197 9.775 20
0.165 0.197 9.785 20
0.17 0.199 9.787 20
0.196 0.182 9.77 20
0.199 0.192 9.77 20
0.211 0.189 9.763 21
0.215 0.192 9.773 20
0.23 0.187 9.782 20
0.246 0.192 9.775 20
0.273 0.201 9.78 20
0.282 0.178 9.758 20
0.285 0.199 9.77 20
0.292 0.201 9.78 21
0.328 0.185 9.763 20
0.34 0.192 9.773 20
0.345 0.213 9.792 20
0.34 0.23 9.787 20
0.347 0.204 9.768 20
0.349 0.209 9.773 20
0.371 0.223 9.775 20
0.366 0.223 9.77 21
0.34 0.209 9.775 20
0.349 0.199 9.773 20
0.34 0.209 9.77 20
0.34 0.209 9.77 20
0.33 0.204 9.758 20
0.333 0.197 9.751 20
0.309 0.206 9.777 21
0.313 0.192 9.765 20
0.316 0.218 9.761 20
0.299 0.204 9.785 20
0.292 0.204 9.777 20
0.275 0.211 9.773 20
0.246 0.192 9.773 20
0.246 0.187 9.773 20
0.232 0.197 9.792 21
0.218 0.189 9.775 20
0.199 0.192 9.773 20
0.187 0.187 9.777 20
0.177 0.201 9.785 20
0.175 0.197 9.773 20
0.151 0.187 9.787 20
0.139 0.189 9.777 21
0.146 0.194 9.758 20
0.139 0.192 9.777 20
0.132 0.201 9.768 20
0.112 0.192 9.77 20
0.108 0.18 9.768 20
0.103 0.185 9.775 20
0.117 0.175 9.77 20
0.115 0.189 9.811 21
0.108 0.187 9.825 20
0.146 0.127 9.572 20
0.115 0.216 9.933 20
0.143 0.228 9.835 20
0.134 0.151 9.6 20
0.148 0.189 9.89 20
0.148 0.187 9.768 20
0.153 0.17 9.701 21
0.163 0.151 9.856 20
0.179 0.154 9.71 20
0.189 0.206 9.753 20
0.201 0.204 9.828 20
0.225 0.146 9.715 20
0.234 0.201 9.773 20
0.232 0.216 9.849 21
0.254 0.175 9.739 20
0.242 0.192 9.763 20
0.266 0.213 9.797 20
0.273 0.199 9.737 20
0.28 0.197 9.787 20
0.297 0.204 9.797 20
0.29 0.211 9.756 20
0.29 0.194 9.785 21
0.313 0.221 9.763 20
0.323 0.206 9.777 20
0.323 0.216 9.787 20
0.323 0.206 9.756 20
0.311 0.223 9.761 20
0.316 0.223 9.758 20
0.311 0.223 9.782 20
0.316 0.218 9.775 21
0.323 0.223 9.777 20
0.304 0.199 9.775 20
0.294 0.204 9.78 20
0.294 0.18 9.785 20
0.282 0.201 9.775 20
0.268 0.204 9.78 20
0.261 0.194 9.775 21
0.258 0.185 9.77 20
0.251 0.187 9.777 20
0.254 0.201 9.782 20
0.242 0.185 9.773 20
0.237 0.173 9.789 20
0.223 0.182 9.775 20
0.208 0.192 9.78 20
0.191 0.187 9.763 21
0.191 0.173 9.758 20
0.187 0.18 9.773 20
0.175 0.187 9.777 20
0.158 0.189 9.77 20
0.155 0.187 9.773 20
0.146 0.182 9.773 20
0.153 0.189 9.768 20
0.136 0.197 9.758 21
0.132 0.192 9.765 20
0.139 0.185 9.775 20
0.132 0.182 9.785 20
0.143 0.189 9.756 20
0.141 0.197 9.77 20
0.148 0.189 9.773 20
0.153 0.197 9.775 21
0.158 0.17 9.775 20
0.148 0.173 9.763 20
0.153 0.178 9.763 20
0.167 0.199 9.758 20
0.182 0.199 9.782 20
0.189 0.197 9.756 20
0.196 0.192 9.761 20
0.199 0.187 9.768 21

# Completed @Tue Aug 01 10:14:25 GMT+08:00 2017
